1	18
2	41
3	41
4	41
5	36
6	12
7	47
8	40
9	7
10	29
11	12
12	44
13	41
14	4
15	11
16	14
17	46
18	14
19	22
20	50
21	37
22	23
23	50
24	16
25	23
26	39
27	2
28	46
29	38
30	21
31	38
32	30
33	47
34	40
35	39
36	48
37	9
38	44
39	21
40	5
41	8
42	19
43	5
44	22
45	40
46	30
47	49
48	34
49	48
50	10
51	13
52	51
53	41
54	21
55	40
56	20
57	38
58	15
59	39
60	39
61	41
62	43
63	47
64	21
65	30
66	39
67	37
68	38
69	15
70	14
71	47
72	30
73	10
74	35
75	32
76	12
77	48
78	21
79	10
80	27
81	36
82	33
83	8
84	24
85	11
86	39
87	30
88	17
89	49
90	23
91	21
92	51
93	14
94	37
95	38
96	47
97	51
98	38
99	41
100	26
101	26
102	6
103	16
104	2
105	21
106	43
107	18
108	15
109	5
110	14
111	49
112	13
113	30
114	46
115	21
116	13
117	14
118	5
119	19
120	40
121	30
122	33
123	16
124	1
125	22
126	1
127	27
128	20
129	26
130	45
131	2
132	27
133	2
134	42
135	7
136	38
137	21
138	48
139	24
140	33
141	45
142	41
143	35
144	5
145	21
146	2
147	2
148	51
149	33
150	18
151	40
152	51
153	51
154	27
155	10
156	18
157	17
158	8
159	51
160	33
161	51
162	49
163	15
164	32
165	33
166	30
167	41
168	28
169	26
170	39
171	37
172	47
173	10
174	34
175	38
176	7
177	44
178	19
179	18
180	7
181	41
182	46
183	38
184	22
185	14
186	24
187	27
188	51
189	36
190	24
191	37
192	46
193	23
194	46
195	6
196	38
197	25
198	50
199	2
200	20
201	10
202	21
203	17
204	22
205	41
206	31
207	32
208	38
209	13
210	33
211	44
212	41
213	3
214	11
215	47
216	14
217	47
218	29
219	25
220	35
221	33
222	41
223	45
224	39
225	50
226	21
227	14
228	23
229	38
230	43
231	15
232	30
233	9
234	45
235	1
236	33
237	47
238	15
239	14
240	14
241	41
242	15
243	43
244	19
245	38
246	33
247	30
248	39
249	24
250	7
251	30
252	6
253	27
254	24
255	25
256	18
257	45
258	27
259	34
260	6
261	13
262	48
263	2
264	46
265	4
266	26
267	39
268	5
269	51
270	2
271	29
272	15
273	41
274	11
275	13
276	51
277	20
278	12
279	16
280	20
281	36
282	18
283	14
284	30
285	11
286	9
287	3
288	29
289	35
290	21
291	27
292	4
293	24
294	32
295	28
296	34
297	13
298	24
299	46
300	49
301	7
302	21
303	26
304	2
305	4
306	19
307	34
308	51
309	39
310	31
311	21
312	51
313	44
314	38
315	51
316	38
317	41
318	12
319	2
320	6
321	3
322	41
323	27
324	7
325	2
326	42
327	21
328	20
329	48
330	34
331	10
332	26
333	28
334	2
335	38
336	7
337	28
338	46
339	13
340	48
341	18
342	36
343	32
344	33
345	26
346	51
347	26
348	38
349	30
350	19
351	44
352	24
353	18
354	15
355	2
356	16
357	51
358	6
359	9
360	34
361	39
362	3
363	44
364	18
365	7
366	10
367	1
368	11
369	2
370	46
371	39
372	16
373	6
374	42
375	11
376	2
377	20
378	46
379	46
380	51
381	10
382	18
383	40
384	30
385	37
386	12
387	11
388	2
389	7
390	46
391	24
392	46
393	30
394	7
395	26
396	3
397	18
398	30
399	46
400	37
401	45
402	38
403	17
404	51
405	27
406	46
407	21
408	11
409	39
410	22
411	26
412	35
413	26
414	18
415	7
416	40
417	5
418	39
419	41
420	34
421	40
422	24
423	36
424	38
425	36
426	18
427	35
428	12
429	30
430	37
431	31
432	11
433	23
434	5
435	2
436	22
437	12
438	48
439	2
440	5
441	21
442	7
443	38
444	38
445	5
446	28
447	10
448	19
449	23
450	46
451	5
452	34
453	5
454	49
455	29
456	50
457	10
458	47
459	20
460	2
461	48
462	39
463	9
464	18
465	5
466	10
467	13
468	43
469	18
470	11
471	38
472	39
473	20
474	18
475	18
476	14
477	50
478	48
479	43
480	41
481	47
482	13
483	35
484	41
485	38
486	4
487	47
488	7
489	15
490	21
491	9
492	3
493	2
494	27
495	27
496	10
497	35
498	51
499	41
500	42
501	30
502	50
503	4
504	37
505	48
506	20
507	49
508	21
509	12
510	6
511	39
512	21
513	6
514	18
515	32
516	9
517	21
518	26
519	26
520	42
521	10
522	2
523	45
524	31
525	36
526	15
527	50
528	4
529	43
530	30
531	38
532	14
533	33
534	14
535	5
536	23
537	15
538	49
539	15
540	46
541	48
542	48
543	30
544	46
545	19
546	38
547	51
548	7
549	16
550	10
551	38
552	38
553	46
554	15
555	49
556	46
557	47
558	38
559	30
560	46
561	49
562	38
563	24
564	2
565	10
566	8
567	46
568	46
569	24
570	40
571	28
572	30
573	38
574	6
575	46
576	46
577	5
578	46
579	45
580	29
581	8
582	47
583	6
584	26
585	2
586	18
587	47
588	15
589	38
590	20
591	27
592	10
593	41
594	1
595	27
596	39
597	51
598	2
599	14
600	40
601	21
602	41
603	17
604	5
605	50
606	41
607	10
608	15
609	2
610	8
611	26
612	8
613	5
614	3
615	1
616	17
617	26
618	41
619	2
620	10
621	18
622	22
623	6
624	41
625	23
626	6
627	30
628	48
629	51
630	32
631	38
632	48
633	24
634	29
635	29
636	48
637	32
638	20
639	42
640	50
641	39
642	24
643	3
644	27
645	37
646	46
647	45
648	19
649	36
650	1
651	1
652	37
653	46
654	43
655	2
656	26
657	1
658	38
659	2
660	26
661	10
662	16
663	32
664	41
665	3
666	27
667	21
668	21
669	10
670	29
671	51
672	33
673	10
674	41
675	24
676	11
677	32
678	21
679	40
680	17
681	20
682	3
683	46
684	44
685	31
686	17
687	11
688	8
689	4
690	51
691	12
692	36
693	21
694	6
695	47
696	46
697	6
698	17
699	18
700	19
701	38
702	9
703	15
704	31
705	10
706	14
707	44
708	19
709	42
710	3
711	36
712	35
713	31
714	24
715	51
716	13
717	5
718	15
719	9
720	41
721	21
722	9
723	48
724	41
725	18
726	40
727	11
728	30
729	25
730	12
731	19
732	47
733	21
734	26
735	11
736	26
737	14
738	37
739	41
740	39
741	32
742	46
743	46
744	27
745	16
746	41
747	13
748	50
749	22
750	21
751	2
752	2
753	25
754	31
755	3
756	18
757	1
758	30
759	11
760	30
761	48
762	16
763	43
764	23
765	39
766	51
767	15
768	27
769	45
770	51
771	25
772	9
773	22
774	2
775	38
776	46
777	20
778	26
779	11
780	15
781	21
782	11
783	2
784	11
785	20
786	14
787	20
788	30
789	11
790	51
791	46
792	35
793	17
794	43
795	48
796	51
797	26
798	2
799	51
800	28
801	21
802	27
803	32
804	51
805	20
806	46
807	25
808	24
809	11
810	2
811	18
812	32
813	2
814	30
815	41
816	51
817	23
818	47
819	23
820	30
821	10
822	27
823	26
824	46
825	38
826	30
827	47
828	23
829	10
830	45
831	18
832	30
833	22
834	46
835	12
836	2
837	29
838	31
839	51
840	48
841	46
842	23
843	11
844	31
845	26
846	50
847	9
848	39
849	5
850	39
851	46
852	41
853	13
854	45
855	2
856	26
857	11
858	21
859	51
860	48
861	39
862	32
863	7
864	4
865	41
866	9
867	31
868	6
869	31
870	9
871	48
872	26
873	21
874	21
875	11
876	15
877	30
878	27
879	18
880	10
881	48
882	50
883	30
884	30
885	38
886	32
887	45
888	6
889	11
890	2
891	34
892	27
893	2
894	13
895	2
896	46
897	42
898	41
899	51
900	30
901	11
902	37
903	46
904	36
905	38
906	13
907	48
908	1
909	51
910	6
911	39
912	33
913	30
914	38
915	6
916	30
917	21
918	42
919	10
920	35
921	1
922	11
923	8
924	2
925	26
926	48
927	42
928	15
929	38
930	30
931	17
932	16
933	2
934	11
935	38
936	51
937	10
938	50
939	15
940	12
941	26
942	5
943	38
944	11
945	25
946	25
947	7
948	51
949	26
950	28
951	21
952	18
953	37
954	5
955	1
956	39
957	18
958	11
959	13
960	38
961	39
962	4
963	26
964	26
965	21
966	41
967	11
968	42
969	27
970	28
971	13
972	2
973	23
974	26
975	18
976	8
977	47
978	11
979	48
980	51
981	25
982	12
983	16
984	34
985	10
986	30
987	51
988	48
989	50
990	37
991	39
992	15
993	45
994	4
995	44
996	26
997	42
998	28
999	39
1000	51
