181
0 1
2 3
4 5
6 7
3 8
3 9
10 11
12 6
13 14
15 16
17 18
6 19
20 21
22 3
23 24
4 25
26 27
0 27
28 17
17 29
30 31
32 13
33 34
4 35
36 0
4 9
37 0
38 39
40 41
3 33
28 2
42 43
31 44
22 45
23 29
14 2
46 47
29 23
48 49
23 50
51 19
52 53
54 55
7 56
57 8
45 58
59 60
20 61
60 5
44 62
18 33
63 7
23 64
40 5
49 7
65 66
67 18
48 58
68 69
14 55
70 34
70 13
71 50
72 43
31 62
5 73
21 4
74 75
76 39
77 78
79 68
80 31
3 13
81 66
82 67
23 14
83 43
67 13
84 0
33 7
41 85
86 87
26 88
0 89
35 61
17 40
52 90
91 92
34 93
82 50
94 53
67 23
33 29
72 95
2 21
20 96
15 93
80 88
97 98
57 99
100 22
35 78
92 91
12 101
51 102
33 9
6 12
13 33
103 48
30 62
104 105
34 50
49 106
50 32
107 108
59 89
0 22
88 109
46 5
32 33
38 93
13 24
45 95
13 23
110 111
45 22
71 41
44 26
18 10
5 95
21 32
33 14
112 113
114 89
41 21
29 33
87 27
41 3
17 9
115 116
40 3
32 2
50 117
0 10
18 45
110 5
118 119
120 81
121 95
117 11
48 78
33 122
34 123
73 27
23 41
124 78
81 125
126 81
29 50
95 5
79 53
31 127
81 116
115 39
41 40
48 75
31 80
128 129
28 107
57 55
34 11
72 27
70 82
3 21
124 43
115 93
110 37
17 95
28 35
130 41
123 78
40 13
82 21
54 22
54 123
50 131
132 133
74 134
117 122
8 100
95 53
101 58
85 95
135 0
31 22
33 85
136 40
137 49
46 138
134 39
24 117
35 0
134 55
23 67
21 2
54 11
95 61
67 64
57 139
140 77
141 27
126 75
28 21
29 40
142 69
34 29
34 0
35 29
138 87
9 41
110 69
17 0
108 107
47 78
67 45
38 120
13 18
4 33
14 29
3 67
143 39
118 7
22 131
19 6
3 95
7 120
135 95
70 3
144 40
13 93
117 40
41 122
107 35
33 35
85 71
18 67
117 67
0 5
33 23
18 40
38 43
66 101
145 107
4 67
14 23
85 20
38 19
6 38
79 49
77 146
130 70
82 70
81 65
34 41
137 78
62 30
104 11
147 93
124 95
13 41
23 9
117 24
0 35
148 16
32 89
65 38
48 43
21 3
41 71
120 0
82 14
28 70
42 105
46 86
100 35
17 34
42 96
126 51
50 123
75 126
111 94
6 149
7 149
9 4
6 65
56 27
3 89
36 52
13 67
22 33
45 67
24 14
66 15
13 40
21 20
21 14
40 130
35 22
114 68
13 123
107 105
44 109
135 5
87 39
79 78
5 100
10 89
50 4
45 21
22 95
32 21
9 23
105 39
29 35
34 131
44 127
85 41
148 126
72 58
28 3
67 33
17 136
98 97
94 0
4 17
141 53
87 78
34 22
87 63
13 55
95 0
35 149
114 8
57 60
57 75
65 141
49 138
67 85
86 137
51 27
50 2
3 34
72 89
22 85
40 145
70 28
30 35
33 50
118 27
50 14
17 25
54 61
40 9
14 24
117 28
40 17
4 22
82 122
18 9
45 27
32 67
54 5
20 0
150 151
20 69
147 18
40 89
152 50
70 33
112 153
57 95
21 17
74 25
50 154
103 97
84 63
33 21
73 53
3 122
137 87
18 55
137 112
66 102
20 89
57 93
65 120
67 70
18 35
35 107
48 103
14 40
38 102
34 67
62 127
104 45
121 58
82 61
20 95
30 155
20 11
46 119
33 70
9 17
50 3
57 43
15 66
18 23
23 40
23 123
66 151
21 23
58 87
9 21
12 65
114 111
14 67
23 70
27 39
49 121
33 131
7 87
4 34
67 41
18 85
31 88
110 95
48 25
41 13
50 20
50 54
52 36
109 96
156 43
54 29
12 43
51 126
85 0
88 31
54 50
51 12
104 9
105 96
148 66
123 89
18 29
127 88
34 13
117 70
7 63
34 55
28 82
41 50
50 67
40 22
146 77
40 67
46 87
157 53
18 61
67 21
67 17
2 33
127 31
114 95
85 61
34 33
40 37
44 31
2 67
17 33
85 11
49 137
85 123
52 1
75 12
82 3
62 31
31 93
138 53
24 13
51 38
150 93
120 51
35 54
63 119
3 0
145 61
34 23
28 0
34 70
44 30
67 50
34 35
7 49
28 122
148 116
24 96
124 133
21 13
158 55
13 29
144 89
103 134
104 95
38 51
23 55
9 33
88 127
33 54
138 49
40 144
31 43
27 119
136 0
159 89
57 100
70 18
21 18
0 95
115 160
45 32
161 39
16 66
26 80
107 0
63 87
0 162
38 7
163 105
10 100
126 148
18 22
51 93
159 95
4 14
161 53
77 53
50 17
40 18
148 96
106 60
7 27
50 18
15 138
10 78
12 75
12 102
134 98
95 27
94 161
50 35
164 27
53 27
50 23
54 35
97 134
117 3
41 17
23 34
14 122
40 23
41 34
62 165
147 50
81 90
31 30
3 24
161 27
70 23
51 120
65 6
5 89
22 0
50 0
4 95
72 55
28 11
67 24
57 59
3 11
63 39
57 105
13 70
94 95
45 29
65 51
30 88
2 89
34 130
21 67
3 17
74 48
14 33
23 95
21 40
33 61
49 161
14 4
15 27
2 117
108 0
33 32
165 62
153 69
85 50
33 24
152 7
4 23
51 81
114 69
14 85
65 12
155 88
23 13
40 14
87 53
17 13
166 100
161 49
70 41
126 12
74 105
17 122
45 14
117 2
94 166
24 0
156 149
63 46
166 94
120 116
107 61
141 116
112 167
54 95
50 13
6 102
28 67
18 70
85 23
67 3
34 5
12 66
89 5
111 95
41 29
111 5
41 33
17 82
40 136
61 0
34 7
29 54
72 0
95 111
41 4
56 113
61 107
9 50
4 64
7 158
29 67
34 17
22 4
142 43
21 85
22 26
94 100
15 43
13 17
32 3
166 5
82 117
17 50
12 51
3 40
66 16
3 22
10 0
48 74
112 27
67 14
70 122
61 95
3 70
22 40
61 11
48 168
33 18
35 95
94 78
67 82
49 78
50 10
17 14
117 50
34 3
41 32
34 14
65 81
28 13
100 111
32 50
101 116
67 4
3 41
22 20
52 138
157 101
117 82
34 36
104 61
115 169
50 41
28 61
121 7
29 34
157 27
64 67
5 60
20 85
37 89
117 14
21 34
4 41
82 33
170 166
52 93
84 87
161 140
12 38
63 50
31 165
40 82
100 5
2 41
32 14
14 17
17 28
137 90
95 100
67 89
5 106
81 51
41 23
57 36
23 33
22 29
18 5
159 5
37 5
0 37
13 9
147 7
128 39
101 66
30 44
137 53
40 33
171 142
47 53
87 113
47 58
163 5
119 27
62 44
67 40
50 33
50 71
32 41
87 137
87 5
3 50
35 73
85 67
14 34
18 122
50 55
52 27
23 17
141 38
41 130
164 78
13 64
4 61
88 26
29 22
12 19
54 33
104 172
123 61
33 0
21 29
49 27
6 51
5 22
94 5
23 85
141 65
48 81
28 29
40 64
24 67
12 120
20 155
52 119
22 159
28 50
21 9
86 46
95 89
40 21
30 27
127 173
12 116
21 50
41 145
34 21
0 53
66 81
72 5
57 169
138 90
136 61
23 4
50 95
67 29
4 0
174 39
175 58
20 41
40 50
18 17
13 122
70 117
18 89
17 105
34 4
49 53
40 24
28 14
18 64
17 4
4 50
50 29
33 17
22 111
65 43
10 61
30 26
23 0
156 95
18 13
173 127
176 95
45 69
159 22
50 11
33 13
34 9
134 43
59 37
44 88
4 21
100 95
50 21
3 61
47 1
17 85
162 0
35 53
23 18
120 65
9 40
51 6
82 17
3 14
118 73
14 50
88 44
40 54
3 100
13 95
7 164
29 45
24 33
41 20
74 97
73 78
46 63
95 22
57 78
147 67
54 0
48 97
144 7
121 55
136 111
161 77
54 45
29 131
13 89
112 92
103 74
12 99
47 55
80 26
24 23
108 61
114 34
34 133
7 38
4 24
118 58
120 12
94 27
56 137
48 73
72 7
50 40
70 67
115 126
95 35
9 24
148 99
0 111
13 0
21 122
66 12
7 46
142 1
14 3
134 97
40 131
3 32
123 22
74 103
157 116
50 61
104 0
104 29
7 177
18 11
82 35
50 147
138 46
57 25
0 107
31 36
138 137
85 14
56 53
67 147
17 3
144 95
73 49
33 3
84 55
74 98
34 40
0 11
2 32
51 65
84 5
126 42
17 130
24 9
112 137
33 28
155 44
124 53
21 131
50 85
5 37
81 126
0 39
0 78
65 102
82 29
33 64
41 1
135 25
138 27
38 172
50 9
57 116
14 70
98 43
149 167
29 14
47 87
9 3
61 145
144 0
0 61
54 7
35 100
126 39
23 21
17 21
45 53
56 92
86 63
21 33
17 67
2 9
41 9
121 49
149 93
49 73
178 142
111 100
179 137
28 95
50 82
2 28
57 89
40 70
70 14
14 45
44 155
30 165
147 131
66 65
121 93
98 134
13 32
123 5
51 151
21 145
6 55
21 41
18 100
12 126
21 144
13 34
120 7
144 21
24 3
24 144
57 136
41 70
127 44
33 41
54 100
14 13
106 5
118 36
70 130
57 39
31 95
71 85
28 9
38 12
40 34
34 89
50 34
135 61
64 0
62 88
159 111
21 82
24 131
22 35
4 107
31 5
33 95
26 31
58 78
18 50
3 5
33 67
85 55
67 2
60 89
128 97
2 50
33 40
40 117
13 61
45 3
159 36
6 133
33 4
38 65
17 41
176 43
34 39
24 40
161 78
0 100
34 54
13 85
38 6
26 44
17 23
51 116
130 23
144 24
103 43
13 2
21 45
7 78
13 21
2 45
33 55
70 40
31 39
9 34
79 69
103 149
19 38
40 28
82 0
150 53
18 3
23 130
138 119
85 131
74 43
40 29
50 45
31 26
45 50
114 172
13 50
85 21
41 0
13 28
172 27
2 14
82 89
94 137
37 95
136 149
74 168
179 90
118 160
63 113
18 14
118 93
20 55
104 54
94 111
81 138
17 55
157 78
34 95
82 11
110 100
29 41
23 89
176 78
38 27
46 7
18 21
0 8
29 21
9 13
86 78
67 34
126 115
40 122
121 180
50 122
148 27
78 1
53 1
10 27
13 3
5 27
138 78
32 45
59 5
28 33
0 36
31 155
41 131
115 43
74 116
18 28
17 131
163 95
