225
0 1
2 3
4 5
6 7
8 9
10 11
12 13
14 15
16 17
18 19
20 21
22 23
24 25
0 26
27 28
29 30
31 32
33 18
34 35
24 22
36 23
8 37
5 38
8 39
40 8
11 41
42 27
43 44
45 46
24 47
48 49
50 51
52 13
53 54
55 53
56 57
42 58
59 60
23 61
62 20
63 64
16 65
10 66
67 68
69 70
71 44
67 4
64 24
72 73
74 22
47 75
14 16
15 3
18 76
77 17
4 78
21 79
80 81
16 82
18 83
77 84
63 85
32 86
87 88
37 2
79 89
59 90
13 90
24 91
92 11
93 94
16 40
47 95
96 97
87 98
8 27
99 72
100 97
58 29
59 101
62 12
102 60
103 49
104 105
56 106
24 4
83 105
107 108
87 109
80 110
111 12
20 61
47 112
19 113
52 27
11 9
114 87
115 23
107 53
51 116
24 58
56 27
18 117
61 39
92 116
118 59
72 79
19 119
85 44
120 121
80 122
24 123
51 23
104 124
104 111
113 106
56 123
63 26
125 126
127 1
127 87
103 128
82 4
18 3
4 129
50 80
130 97
72 81
85 102
82 68
131 132
12 15
33 101
6 104
67 25
129 133
127 85
58 101
134 135
136 137
118 138
6 139
87 81
80 75
140 86
62 84
29 141
104 142
40 101
17 48
40 59
143 46
50 139
118 110
111 141
18 108
143 75
12 3
127 10
56 9
1 35
80 114
144 145
84 43
18 106
146 147
148 18
13 149
33 23
90 150
11 62
71 14
24 151
78 98
102 75
17 11
72 64
109 74
24 152
127 153
33 106
154 89
14 6
9 125
5 59
16 101
72 132
151 51
14 23
58 155
140 122
80 109
84 32
125 62
34 151
109 99
33 76
23 58
90 156
21 130
84 37
130 100
24 113
108 46
34 78
6 5
0 117
72 61
90 73
111 83
71 157
80 13
92 4
6 50
139 125
158 108
88 127
86 159
136 109
80 50
85 6
43 47
136 46
160 22
139 155
72 135
76 161
162 141
163 133
117 92
3 4
9 66
33 27
164 53
80 145
14 113
63 67
125 78
58 61
119 137
165 146
166 25
92 121
125 155
16 5
21 153
87 47
90 51
16 19
21 72
127 76
167 168
163 169
118 127
99 44
56 48
151 52
47 64
143 170
8 3
72 153
4 61
171 112
58 64
63 110
14 58
24 150
51 172
63 62
161 76
173 62
131 34
85 23
80 174
117 40
34 132
18 61
105 141
63 83
80 153
173 2
8 173
173 117
81 13
159 3
18 87
67 159
158 159
0 175
76 68
13 67
117 78
24 95
28 176
6 177
20 58
90 87
178 179
20 64
3 61
102 32
21 1
20 140
101 6
13 127
72 180
102 108
24 141
131 27
16 163
20 85
47 113
11 5
107 28
41 105
175 2
50 134
93 53
19 78
101 47
50 150
181 182
72 183
105 76
40 41
87 18
136 135
54 164
184 108
38 59
6 78
139 152
127 114
87 160
59 20
80 39
126 23
125 2
47 140
58 63
85 63
73 141
20 167
11 125
104 155
72 185
139 48
61 48
15 133
114 170
41 62
51 106
186 152
118 119
162 128
42 136
64 13
79 15
154 14
24 44
15 113
47 7
61 111
3 150
0 121
52 64
18 60
90 17
42 173
83 87
129 175
169 117
43 71
30 2
61 9
58 83
72 5
43 127
22 153
14 125
11 106
184 48
51 39
154 137
125 167
139 41
64 35
4 92
43 81
87 27
148 116
139 35
125 187
63 23
16 153
164 54
8 72
97 108
183 57
88 118
34 136
47 49
173 35
109 188
38 13
103 123
159 97
22 43
127 71
65 49
59 15
162 16
37 48
80 159
125 59
139 13
56 175
23 21
20 127
8 104
129 13
16 189
158 60
105 173
111 61
19 18
127 160
13 120
15 65
44 63
35 40
58 8
190 170
18 78
43 24
114 19
191 63
47 118
102 74
11 138
80 181
58 75
21 150
113 184
64 60
82 23
84 48
110 11
139 124
119 42
79 57
161 50
87 182
80 126
43 18
63 2
162 105
41 125
84 27
76 139
62 63
16 177
18 118
104 82
153 121
192 94
104 16
8 133
76 78
121 26
24 7
8 30
127 37
139 105
64 84
30 149
4 47
77 105
111 5
148 3
117 89
16 150
79 170
34 64
63 140
20 125
23 126
20 105
59 121
119 80
56 131
148 23
72 184
8 120
6 159
81 10
120 189
67 27
103 57
109 63
161 111
27 63
129 172
119 14
167 187
66 20
72 12
129 8
13 9
14 37
188 93
125 175
58 82
62 3
71 80
136 119
185 140
161 8
62 51
24 14
119 87
72 123
79 11
161 183
6 172
88 19
51 40
63 127
192 130
52 47
35 124
117 23
24 76
111 62
0 135
127 0
23 87
105 30
129 138
18 53
173 123
52 113
43 114
84 114
82 32
80 41
173 67
80 84
61 5
5 72
29 18
42 109
119 11
51 152
189 27
50 35
41 23
10 175
50 3
15 57
147 193
6 15
62 114
117 183
40 35
38 9
58 74
118 81
64 127
84 46
67 92
17 150
50 23
10 3
119 51
66 9
21 127
56 167
173 111
83 79
51 38
51 68
56 113
16 41
22 62
109 136
105 133
194 62
112 68
18 22
24 27
59 39
13 89
77 139
41 59
111 51
63 137
66 3
83 58
148 117
120 82
117 77
151 41
80 104
154 11
169 89
85 20
40 105
159 172
13 50
105 175
139 113
40 189
84 169
13 76
47 42
16 49
63 151
72 83
5 92
61 0
53 75
54 60
72 113
63 195
18 5
2 105
125 150
18 72
59 87
9 38
34 9
58 40
160 176
81 95
109 24
72 28
80 23
194 89
117 0
119 108
50 187
13 125
5 10
22 157
160 33
64 30
105 13
72 47
84 85
10 67
114 74
119 63
104 135
63 5
67 46
88 85
10 59
148 135
22 196
125 56
24 84
87 64
150 48
72 80
111 27
47 169
129 57
6 111
37 173
9 4
43 80
61 11
79 23
191 32
66 129
117 91
162 27
189 120
109 25
183 32
95 60
13 183
33 90
48 149
160 29
195 197
104 173
11 155
29 139
47 37
0 90
21 167
11 173
158 197
101 43
18 44
127 110
115 149
158 180
66 105
59 43
125 18
104 29
6 51
37 3
22 26
160 180
80 63
5 68
13 56
18 173
18 102
47 98
32 67
59 38
101 51
117 57
81 11
24 65
22 63
6 108
9 173
37 62
58 159
62 24
34 198
114 6
14 51
21 59
161 187
58 88
5 3
63 156
48 150
29 169
24 170
123 32
39 13
13 3
119 100
101 41
159 32
117 49
15 23
20 57
9 140
36 75
52 19
87 136
131 135
72 105
117 138
157 72
62 86
14 139
37 139
23 159
173 34
172 47
34 27
125 139
0 132
65 27
52 37
125 27
72 87
118 58
47 102
33 0
147 165
41 124
84 23
139 79
194 135
81 25
59 24
42 5
6 24
197 95
111 188
168 100
136 11
21 56
58 80
16 83
14 47
76 56
20 72
3 2
16 92
33 65
20 92
125 50
5 15
35 76
92 132
51 109
63 148
161 125
47 109
126 100
56 90
72 16
104 125
33 119
148 72
19 135
6 76
16 76
17 37
134 63
162 2
43 109
160 127
127 5
58 30
61 109
198 199
33 127
49 48
16 34
59 49
67 88
64 104
119 88
14 117
0 62
82 173
161 79
5 66
18 150
43 42
66 79
10 132
86 140
47 195
192 97
80 189
0 161
5 51
84 173
81 47
9 23
117 65
1 187
87 72
101 63
64 57
50 61
88 20
172 109
58 157
169 64
8 161
200 94
161 78
50 117
58 68
86 130
161 121
174 159
27 78
62 18
30 130
33 13
33 111
32 147
8 13
63 114
148 189
55 75
72 122
119 109
37 141
173 124
78 27
174 130
92 167
18 124
125 0
148 84
51 11
148 90
162 169
10 187
14 132
173 155
201 146
10 84
116 117
21 124
77 152
43 118
13 129
72 59
23 127
160 63
58 10
64 59
158 25
104 12
82 15
189 183
62 75
12 73
29 23
18 172
58 188
83 67
62 13
29 106
173 59
62 17
17 84
170 97
189 0
47 67
4 59
34 72
83 84
111 138
72 155
71 130
53 93
58 140
129 54
90 11
72 8
43 63
37 52
56 76
85 170
47 105
127 118
136 27
63 18
102 62
41 37
58 71
129 167
30 125
47 4
64 11
133 121
21 88
4 149
146 202
52 135
62 47
19 72
125 106
104 78
61 32
41 95
5 41
58 5
101 97
62 43
22 110
61 56
18 32
109 87
126 72
20 62
50 90
153 92
20 42
79 149
33 12
90 188
33 16
20 35
9 116
199 117
5 57
23 90
80 135
64 20
11 61
119 113
85 203
62 162
40 65
47 101
104 64
88 80
19 47
50 65
15 62
6 114
52 29
126 125
125 82
8 189
43 88
13 113
125 16
117 173
127 65
99 63
111 173
119 135
81 190
183 0
117 204
30 142
99 27
81 6
0 13
80 43
80 113
88 47
117 106
63 72
51 159
77 117
6 23
63 4
5 27
20 13
6 113
76 35
129 109
67 83
58 33
158 75
61 23
18 71
162 82
201 68
3 194
14 2
127 17
3 78
104 8
83 125
173 66
90 3
151 23
27 117
65 184
117 123
8 128
6 74
82 51
87 84
114 190
6 22
129 137
53 108
61 20
78 3
119 126
9 59
104 40
29 12
127 117
18 42
67 195
173 105
134 149
22 105
34 105
205 202
148 173
64 124
125 11
40 113
18 11
72 27
105 65
102 158
58 181
40 148
173 11
0 23
24 59
23 106
21 40
47 51
3 13
13 116
20 173
127 18
80 139
148 51
59 114
30 133
144 70
20 14
8 155
13 11
175 130
59 138
33 88
17 7
6 137
43 72
151 64
165 186
43 84
63 74
5 14
48 52
172 185
63 80
133 187
118 92
125 90
113 40
84 78
43 136
58 106
11 37
21 78
56 121
131 23
48 123
80 85
67 113
11 3
2 135
148 87
177 23
189 3
118 39
36 46
189 35
85 62
80 66
87 159
127 48
62 40
173 40
33 137
66 8
61 132
189 184
87 127
41 30
62 149
93 188
62 139
21 35
76 183
72 22
9 61
118 156
194 3
85 137
199 16
19 84
87 44
22 174
72 23
59 61
34 113
197 195
58 34
33 141
117 141
15 60
66 51
87 71
20 50
100 130
51 84
72 152
23 66
61 18
51 49
6 40
24 1
204 162
64 117
20 88
153 148
105 124
175 40
6 53
127 42
58 51
44 14
119 90
18 23
66 11
118 14
56 78
5 175
39 80
127 47
66 5
56 124
58 84
158 206
64 138
14 62
63 13
78 76
120 26
51 41
24 51
62 23
114 159
198 113
191 75
161 65
9 20
117 64
62 66
48 184
43 86
207 202
56 132
84 148
109 118
74 47
29 194
22 42
121 135
34 59
120 169
158 170
113 65
48 122
19 102
132 40
22 76
72 136
127 198
101 58
167 153
136 108
139 59
11 84
35 24
47 62
184 54
148 13
48 117
173 20
103 149
61 51
9 90
88 129
208 25
149 68
61 35
58 54
12 141
20 177
50 155
127 125
110 2
16 48
121 64
148 126
0 57
56 150
123 23
72 40
161 133
161 34
63 100
50 163
33 153
127 105
22 114
24 103
162 204
104 3
59 78
50 6
184 49
92 57
146 165
105 117
116 89
20 109
61 105
101 16
77 37
129 61
61 38
24 80
117 120
16 61
103 67
80 161
66 67
64 187
84 119
175 76
51 117
47 132
139 163
134 57
114 137
50 49
50 30
16 152
34 38
62 56
15 149
21 13
24 209
18 105
76 155
3 173
142 76
90 19
49 100
62 16
204 117
64 38
161 104
18 119
180 46
2 61
121 132
61 80
114 150
9 11
72 15
160 23
47 141
62 14
154 58
184 95
6 27
197 114
125 35
89 123
104 76
84 66
123 135
10 61
72 138
119 136
76 21
8 58
126 47
6 160
63 132
80 172
76 60
54 75
169 57
58 65
4 210
50 15
34 142
117 50
8 150
159 145
64 116
8 105
108 100
61 30
2 128
120 104
173 72
43 59
99 87
173 5
126 88
139 11
33 58
22 81
167 149
64 189
159 40
65 48
22 14
10 88
33 61
173 75
18 59
1 155
9 138
16 123
17 113
105 120
129 38
80 83
1 0
130 159
80 6
6 28
19 80
50 173
118 101
197 6
62 125
101 195
173 125
62 135
20 3
53 98
80 28
43 196
35 34
61 129
74 102
118 5
88 29
40 95
41 27
59 139
21 125
173 9
10 32
114 203
101 197
173 56
77 48
6 90
62 0
18 160
120 40
63 119
99 108
80 14
5 105
182 181
42 126
208 211
14 83
111 6
41 90
12 0
139 29
62 11
129 58
99 62
76 173
82 40
23 150
92 173
33 2
107 185
32 39
99 136
4 35
159 94
31 14
125 52
58 66
13 40
22 150
173 139
136 33
168 32
42 51
185 107
117 38
80 203
15 121
129 105
16 161
67 23
0 113
24 131
11 30
50 89
6 64
102 68
135 27
18 47
80 79
17 23
17 177
82 106
75 108
72 108
16 169
15 105
61 141
50 2
109 159
184 47
118 136
59 33
50 161
6 71
87 114
13 134
155 132
13 173
47 28
9 111
127 51
105 113
34 10
51 79
29 78
50 38
19 27
40 16
127 102
61 124
42 127
118 188
165 202
184 57
148 61
86 170
127 40
125 23
11 111
125 141
113 169
51 135
77 113
32 159
90 138
11 51
127 44
63 134
163 36
22 61
14 155
43 14
136 10
29 127
8 124
79 108
62 105
82 108
34 6
12 113
172 32
3 82
22 46
156 27
125 39
62 138
1 34
5 16
116 13
51 47
42 80
54 172
54 25
22 119
34 127
19 156
59 104
61 27
100 32
34 175
129 10
162 30
84 7
62 82
72 20
53 114
8 1
114 80
101 114
87 168
47 3
66 173
65 23
105 51
47 212
63 20
125 135
127 62
59 64
86 67
125 92
69 144
33 24
18 65
8 15
23 158
169 135
23 184
65 40
40 34
119 84
11 82
127 80
51 27
139 9
58 27
51 14
144 69
19 11
72 4
65 106
62 37
11 141
101 81
9 13
72 90
140 159
150 27
18 174
118 78
62 90
72 150
58 24
109 6
50 11
15 40
132 155
50 132
33 148
67 5
43 101
94 100
16 125
178 172
23 48
10 57
82 34
99 84
9 62
6 59
177 51
41 78
58 105
42 39
136 16
47 24
18 74
24 73
59 0
8 0
173 152
72 38
23 108
58 38
117 34
14 3
35 59
40 13
63 47
105 177
52 24
84 118
145 69
4 3
27 136
30 14
18 27
22 19
80 62
158 46
73 35
10 39
197 101
62 142
157 126
37 13
208 98
58 9
23 5
148 124
102 57
162 3
119 61
87 40
4 64
15 184
30 78
12 24
11 194
65 138
5 161
113 199
3 177
58 113
120 78
113 159
20 63
51 90
19 127
17 40
66 23
90 67
167 133
76 27
65 97
5 42
58 25
148 153
20 126
108 68
105 106
173 24
37 27
189 187
139 1
41 65
16 129
160 40
67 176
72 48
62 93
117 59
47 58
82 124
87 83
119 24
205 201
29 137
19 122
0 187
161 151
173 141
35 131
29 92
87 34
162 73
202 201
118 20
80 57
30 12
109 19
59 6
80 101
8 127
21 2
1 21
87 11
6 101
184 24
84 22
115 11
36 87
20 40
5 111
117 124
6 72
126 34
21 27
173 49
162 104
99 158
23 65
20 44
24 63
158 26
110 35
27 174
169 132
56 35
20 23
19 137
78 135
61 155
140 172
72 18
15 52
13 30
137 14
147 201
158 53
20 175
47 65
82 60
125 13
14 123
66 84
169 47
148 65
121 57
0 64
58 50
171 54
136 78
83 135
22 125
107 60
58 6
173 92
162 57
23 113
63 19
19 60
61 83
148 43
161 138
197 90
72 117
50 40
207 146
22 126
14 189
30 58
67 100
63 44
23 15
24 133
63 27
61 13
131 40
83 64
58 3
18 136
0 153
139 106
118 47
63 101
139 56
67 28
0 141
85 58
161 89
15 34
35 153
80 118
22 5
78 153
62 113
56 153
90 106
85 119
42 110
103 95
137 170
0 79
37 117
61 34
84 52
35 125
27 51
100 108
85 74
139 3
19 87
195 32
103 113
49 189
151 34
58 150
36 163
90 9
24 64
20 84
102 47
32 95
6 156
113 95
23 82
0 134
7 48
29 34
42 14
40 117
104 59
85 135
114 136
42 81
74 44
165 207
49 40
87 184
8 41
159 61
62 5
73 16
41 195
88 160
16 151
67 122
111 106
80 58
16 124
145 144
16 62
79 32
129 124
81 84
43 137
153 167
35 139
18 81
10 40
88 87
56 173
61 161
88 177
47 87
59 150
83 33
58 12
130 208
125 127
117 61
17 90
101 72
139 150
64 10
65 100
90 173
127 49
20 18
72 53
58 124
87 13
16 50
134 128
90 0
175 68
127 34
33 136
72 177
30 27
88 101
9 133
204 16
80 68
18 110
127 189
87 75
56 21
52 184
62 141
24 43
125 65
72 30
61 65
61 84
127 141
53 11
61 90
160 61
66 155
173 12
114 98
9 15
24 23
29 6
125 73
24 52
119 127
92 35
79 46
104 5
61 138
200 168
99 105
119 122
23 63
63 87
82 78
5 141
148 11
80 22
15 106
161 132
90 117
90 14
72 213
0 35
83 40
125 153
40 63
16 84
15 61
173 76
72 86
117 150
32 148
18 153
62 111
127 136
21 117
82 30
169 199
61 2
119 22
15 76
4 72
23 22
18 114
48 11
41 16
127 72
63 51
72 137
99 58
76 0
16 51
12 76
80 116
92 153
105 132
139 16
161 113
22 89
118 6
107 6
41 51
151 50
95 128
20 43
80 54
11 40
22 40
13 88
93 149
13 84
14 43
107 75
48 173
5 39
52 76
173 89
170 149
20 38
4 51
59 41
168 97
15 138
51 13
62 106
6 62
125 67
104 139
19 195
59 27
134 23
190 81
114 108
42 119
18 43
164 180
126 6
208 152
83 138
47 122
16 113
151 161
101 64
16 23
94 168
62 27
16 155
58 173
50 151
63 105
110 114
6 67
80 200
127 61
139 76
4 135
173 199
90 48
72 34
194 11
4 38
48 199
80 102
5 30
34 150
72 173
21 64
184 68
58 184
16 6
58 22
103 78
161 49
82 161
8 141
50 9
117 2
83 76
183 161
21 23
80 88
73 34
118 23
101 78
8 61
105 125
15 50
40 183
119 44
9 12
29 155
173 61
63 203
56 34
114 83
202 165
11 78
129 21
31 145
172 145
20 10
62 212
6 136
160 6
61 173
201 147
80 64
21 16
167 57
121 110
172 159
47 27
92 125
59 47
80 168
148 60
1 132
161 24
62 102
136 6
90 13
85 109
81 20
34 116
24 78
84 6
198 64
41 73
42 66
87 203
6 110
50 84
23 89
62 184
80 141
20 135
80 170
127 111
72 172
160 78
192 149
61 12
66 109
137 63
16 117
8 59
18 88
42 138
24 199
127 3
24 2
137 85
131 141
41 104
186 147
9 56
36 194
63 136
18 80
14 63
214 32
6 105
43 148
23 9
202 146
86 6
65 84
104 90
51 124
20 136
14 65
102 63
118 108
0 183
22 3
190 172
62 48
143 108
61 135
43 22
127 84
136 24
84 41
109 44
58 20
90 23
76 189
154 6
5 35
109 119
50 106
78 51
82 100
137 19
109 142
64 87
136 101
13 187
20 110
87 20
154 63
6 203
127 43
58 55
14 137
64 204
48 65
114 62
137 72
201 215
50 64
72 92
3 90
5 23
11 117
119 39
21 139
93 100
19 25
81 172
34 56
6 133
111 113
87 101
64 128
48 7
23 172
80 156
47 123
58 92
0 73
72 156
22 136
72 111
24 145
159 130
87 113
32 45
5 62
134 0
135 123
30 177
61 63
161 75
170 23
208 180
171 184
83 14
5 13
111 161
13 66
109 20
58 132
67 152
52 61
27 87
62 172
83 61
0 167
59 82
58 141
87 119
61 79
66 14
13 59
185 172
216 32
184 149
13 141
183 116
202 147
13 24
127 4
1 100
7 79
24 36
38 20
139 34
80 35
28 75
12 105
22 27
126 124
58 99
42 6
34 121
125 105
8 139
13 58
58 46
107 137
184 32
85 14
63 42
41 34
22 11
39 109
59 5
72 77
30 89
134 13
134 121
127 126
125 14
109 58
24 138
59 116
18 170
62 169
99 65
34 89
10 20
24 114
118 44
50 62
79 75
183 27
142 30
170 185
16 73
58 52
64 120
101 87
72 32
7 149
114 43
29 173
18 24
203 152
61 175
5 117
72 127
24 104
62 97
64 76
113 48
51 177
129 23
8 12
139 132
139 0
51 92
183 189
80 198
105 40
6 140
27 3
42 22
199 89
129 3
119 18
148 204
119 3
51 101
23 216
131 59
70 69
12 82
12 161
117 62
58 154
0 9
33 59
97 130
197 113
109 28
196 22
83 24
23 154
34 11
31 11
9 152
59 183
24 116
171 217
198 135
66 175
80 47
19 62
52 50
3 33
109 61
94 108
48 108
65 173
18 126
34 173
6 102
127 20
184 60
30 3
76 106
148 136
119 27
118 43
43 110
8 135
184 189
99 11
20 114
56 11
58 104
6 197
189 113
205 186
59 14
201 130
183 76
29 89
51 78
51 114
5 20
72 3
199 159
111 89
23 56
20 9
148 157
22 199
84 75
140 170
56 125
102 149
143 19
23 105
172 19
118 19
130 68
72 42
66 0
16 199
67 79
3 51
111 66
40 184
62 117
7 84
186 32
0 116
118 157
72 62
62 76
43 64
45 180
159 188
85 101
30 13
135 189
14 34
114 51
12 59
118 180
14 135
111 79
24 3
22 137
117 13
18 156
2 32
71 63
7 106
5 135
76 65
161 35
58 60
204 24
183 150
50 37
16 89
117 161
5 155
9 27
80 33
63 126
47 90
50 16
12 34
81 23
129 1
111 149
9 40
24 68
63 135
42 118
125 104
127 139
153 209
134 50
61 159
6 41
50 184
18 92
18 85
50 79
99 42
173 52
72 109
11 105
85 43
84 136
50 13
189 105
161 139
159 75
72 84
21 105
87 172
175 153
90 105
20 153
8 17
11 0
108 75
79 67
29 17
84 106
175 135
80 11
51 2
82 65
161 61
0 150
110 136
107 62
88 59
22 71
105 135
100 168
5 61
119 74
6 173
80 44
15 48
82 138
12 125
109 22
139 23
51 65
118 148
145 149
50 149
0 131
53 174
80 40
6 11
32 172
19 143
87 137
154 62
127 124
105 11
14 44
139 78
40 132
15 116
184 113
20 83
18 137
118 125
154 111
131 76
159 174
125 72
6 135
119 133
58 89
4 13
42 141
5 83
61 24
62 33
119 16
24 0
73 125
113 141
24 188
33 30
50 59
24 167
169 2
107 203
30 17
85 114
22 156
105 37
29 105
29 52
104 23
65 26
109 98
184 133
109 53
184 46
6 119
90 47
61 8
139 131
6 61
160 88
18 6
86 122
45 158
125 149
61 153
3 67
101 130
195 101
33 105
73 72
158 185
15 189
53 28
5 67
34 16
125 113
88 23
72 11
19 16
201 165
204 148
84 108
41 161
8 138
80 10
107 63
61 10
165 147
207 32
72 13
5 90
76 153
8 126
14 74
120 49
148 33
64 199
8 40
18 67
192 100
104 117
56 161
76 187
111 124
127 104
11 27
30 189
74 24
125 140
109 81
139 40
23 119
104 150
14 145
52 35
125 9
59 48
59 135
19 46
109 129
125 132
105 48
30 173
56 49
83 5
173 132
3 161
199 169
93 60
5 76
142 117
173 32
62 52
171 25
24 184
109 88
88 119
107 109
61 160
24 148
76 175
20 198
9 0
58 118
29 11
80 53
48 105
67 24
6 153
97 100
58 125
71 58
173 48
34 139
151 135
28 53
59 30
12 118
151 117
15 169
64 198
100 68
80 9
47 35
181 80
127 12
64 2
59 65
170 79
172 72
50 20
9 49
94 97
19 109
200 97
10 129
90 40
103 189
117 48
127 81
118 63
59 21
194 152
127 59
76 120
167 108
63 61
111 14
59 131
114 192
51 83
160 24
47 50
32 186
47 72
50 83
21 61
212 3
50 48
72 188
183 117
34 155
66 125
114 127
34 23
32 106
50 52
37 155
58 85
190 188
50 124
191 54
6 129
6 82
32 184
9 24
108 149
129 125
160 90
56 51
0 37
19 68
173 127
80 5
41 40
129 127
23 125
194 150
196 43
14 131
67 66
117 199
49 120
6 47
192 75
64 169
72 110
125 83
101 136
47 81
111 122
82 12
30 162
117 27
24 122
62 83
27 195
135 117
114 110
63 130
39 66
24 66
15 123
20 6
59 85
62 80
16 13
161 16
80 125
67 103
84 110
85 22
58 107
129 80
157 124
63 41
79 66
15 173
161 135
17 127
65 95
183 59
148 83
127 16
80 148
34 153
23 139
171 95
130 168
158 78
51 155
155 123
58 43
137 127
8 131
72 176
139 12
82 94
81 72
117 116
62 197
84 170
158 23
2 163
74 119
63 6
24 124
73 12
153 35
118 84
0 11
119 105
16 24
0 127
29 65
62 132
148 14
104 153
139 141
19 218
104 132
150 13
52 125
47 209
137 80
58 18
62 19
11 159
80 4
22 44
23 51
8 63
14 92
90 59
47 23
6 155
56 187
76 113
127 2
43 20
63 76
92 27
22 39
51 132
96 94
139 27
59 76
93 108
85 126
15 89
73 41
14 22
20 87
160 16
37 23
129 51
167 122
30 175
125 41
43 23
189 141
161 59
72 52
172 67
90 5
121 187
92 187
212 132
5 173
63 160
58 177
59 16
111 13
219 216
165 32
105 155
59 22
33 22
87 74
33 37
104 30
66 13
33 41
37 9
84 113
64 5
155 57
58 102
49 65
80 19
51 12
158 98
27 114
90 52
62 54
30 29
56 183
87 42
6 174
63 71
58 57
67 60
139 90
37 32
105 0
47 150
59 95
125 184
78 30
127 157
148 132
49 105
114 126
34 125
20 101
136 60
59 137
24 204
72 65
136 55
90 63
168 94
5 40
169 27
173 106
85 156
173 51
199 113
13 105
24 6
33 160
12 61
1 153
181 58
139 184
51 113
3 83
81 114
127 67
6 83
72 174
145 188
8 35
23 10
13 135
169 187
43 85
59 11
72 17
10 127
134 64
34 183
20 74
201 205
58 114
174 86
131 155
104 27
136 156
42 84
74 87
118 61
19 63
83 6
129 79
59 51
125 61
72 74
119 148
22 127
0 59
43 220
38 125
16 72
65 105
29 135
85 35
125 138
115 75
171 221
125 161
58 135
58 109
160 11
23 39
58 62
129 16
139 49
0 76
47 18
24 187
16 106
90 25
117 37
84 47
17 106
109 173
190 101
126 20
5 4
153 133
94 130
159 113
64 121
56 116
62 129
6 63
118 51
200 100
22 109
101 113
85 3
73 90
102 86
104 141
53 46
61 88
21 92
88 173
118 90
203 185
199 123
134 103
139 82
18 51
48 26
149 75
58 59
30 11
119 47
104 41
127 11
101 14
13 37
33 84
108 94
8 62
47 86
86 32
159 68
183 149
16 0
19 48
90 82
47 48
175 26
127 109
11 104
119 118
62 61
61 92
162 89
56 155
5 9
67 188
9 141
105 90
6 148
62 30
24 49
3 159
10 72
4 127
113 49
24 161
24 34
16 33
155 13
117 90
73 0
47 71
40 0
5 52
173 30
24 189
19 184
109 84
79 139
111 78
6 85
132 13
81 67
3 65
119 114
87 65
137 31
125 10
93 130
126 148
194 27
161 60
192 168
148 24
30 59
86 75
3 138
49 113
118 83
30 139
18 104
84 65
47 108
157 13
154 23
43 6
16 37
33 150
9 8
160 48
119 59
175 132
92 169
5 187
43 62
29 138
85 61
135 60
99 60
125 40
28 172
118 80
47 153
79 3
108 97
101 27
3 162
99 23
93 25
162 26
126 78
82 105
8 113
15 155
11 33
22 10
186 205
63 78
139 30
118 174
129 62
56 135
15 79
129 73
30 73
8 34
51 173
19 152
61 16
136 75
59 8
0 124
119 23
42 61
13 1
0 34
13 79
5 50
15 141
51 183
114 101
6 2
3 14
3 132
24 86
107 42
80 127
24 38
13 92
118 71
72 222
173 37
67 185
5 132
32 139
118 88
221 123
125 37
117 155
116 155
64 153
61 183
18 50
73 62
20 113
145 53
85 88
32 61
5 125
85 72
58 44
105 5
22 24
62 188
33 139
5 48
67 149
178 208
3 125
47 63
149 32
196 119
77 65
118 109
52 173
119 81
66 39
158 113
129 42
171 98
149 184
127 53
27 11
37 89
80 16
90 124
52 177
215 147
80 82
92 76
52 23
125 3
76 116
86 60
35 13
52 155
62 127
59 35
41 3
113 26
13 62
52 141
21 15
33 78
120 128
83 119
50 113
219 223
14 82
135 169
52 40
15 13
147 146
161 51
72 41
78 26
47 130
47 135
105 189
61 62
6 43
30 105
159 168
61 59
5 64
63 191
58 37
12 183
47 15
61 108
133 57
90 27
156 62
13 138
51 125
37 113
82 11
92 2
20 66
80 15
143 47
23 52
53 107
37 84
207 147
59 221
40 76
66 92
62 194
62 156
3 189
48 40
90 111
21 187
201 202
150 23
66 116
80 138
16 47
85 64
72 71
129 20
21 76
66 135
150 26
4 124
161 30
116 103
61 44
24 74
59 198
87 63
51 58
14 148
136 64
9 105
126 40
5 49
63 174
47 82
6 170
58 81
47 16
156 11
173 14
148 57
14 27
87 48
80 59
113 23
72 114
161 1
80 187
104 120
129 135
63 24
12 78
33 35
71 78
63 39
127 132
160 27
39 21
80 76
24 169
62 150
82 149
162 95
72 6
162 163
109 39
61 104
72 190
208 32
63 14
6 124
87 148
126 136
119 6
114 97
125 66
80 155
43 119
56 12
189 135
13 15
47 114
59 209
86 174
32 173
22 74
0 40
79 52
84 61
52 16
33 52
13 72
109 43
18 63
51 189
127 119
22 140
14 136
21 189
155 128
24 130
33 82
177 6
19 79
47 52
19 114
127 13
84 105
109 125
16 14
47 11
90 127
109 5
19 88
9 80
37 106
72 149
79 19
8 4
47 79
195 19
0 78
52 90
161 13
110 109
105 61
167 68
114 72
190 114
50 172
80 3
61 37
117 3
117 125
200 192
66 38
24 149
13 51
92 109
121 134
63 65
61 167
127 24
175 155
194 105
18 75
190 25
119 195
24 92
61 15
64 1
83 78
23 114
12 40
183 135
87 58
118 13
42 71
161 27
114 138
19 3
131 105
56 117
119 153
109 14
184 75
29 1
63 138
58 119
43 74
50 125
159 86
161 3
218 180
101 40
127 64
23 81
42 63
15 2
22 52
5 127
20 39
127 19
161 23
58 23
35 189
81 136
76 135
3 9
139 14
148 111
104 138
119 124
18 109
76 117
66 61
90 37
218 209
72 129
6 97
13 128
67 32
173 177
47 6
61 113
47 145
67 132
0 105
184 40
184 65
114 119
17 30
22 64
33 87
92 72
81 122
118 85
5 75
61 40
62 108
13 189
173 108
40 78
76 128
74 6
80 111
24 172
19 24
80 124
22 160
67 172
129 11
64 61
160 59
117 189
32 4
12 138
16 8
101 127
73 162
111 125
172 108
104 62
19 59
147 202
21 131
3 141
189 121
201 25
67 86
161 131
72 139
59 117
55 11
22 87
128 204
58 13
118 113
24 159
15 27
111 9
145 51
6 150
3 41
107 87
79 50
126 13
170 140
18 17
58 153
153 124
154 42
20 78
136 127
189 40
16 59
37 125
136 32
64 3
44 43
134 187
66 137
160 65
18 29
139 37
103 27
1 13
30 135
56 128
18 20
151 27
186 11
21 129
129 76
103 155
15 78
62 73
24 143
139 32
8 129
150 24
96 168
29 3
207 205
93 46
173 113
127 33
72 125
161 150
10 105
119 10
86 97
118 18
175 65
90 104
114 27
43 87
142 106
151 155
85 80
23 17
56 38
114 185
37 50
21 135
137 71
13 27
20 5
171 209
125 88
61 156
136 68
80 129
59 141
114 63
24 72
23 2
47 40
11 66
0 142
51 61
183 141
24 39
173 6
12 173
72 51
170 101
13 175
118 74
8 82
33 51
47 172
102 19
84 126
84 74
173 65
101 11
56 59
180 159
129 177
117 51
119 72
52 48
125 48
119 40
109 114
9 124
111 11
130 94
90 29
50 27
80 160
92 23
2 169
58 87
170 168
58 35
1 27
72 126
84 13
127 140
19 188
24 108
208 130
72 35
173 15
58 129
18 90
135 40
80 71
105 3
8 89
134 153
59 72
173 149
52 89
3 5
31 137
87 111
72 68
104 37
40 106
29 124
24 153
22 173
33 14
135 151
72 101
118 10
5 11
90 8
19 22
148 105
80 52
80 184
201 193
79 161
29 90
24 13
87 80
13 131
72 24
161 41
80 12
29 62
90 58
6 81
101 109
109 64
190 10
117 142
34 117
29 117
10 199
24 106
186 130
63 190
16 105
72 19
185 188
221 171
48 16
148 58
23 85
14 12
53 159
148 64
19 149
3 37
85 11
161 155
34 61
62 189
185 75
67 61
8 65
6 3
72 189
58 32
34 30
160 145
61 137
170 62
81 119
42 18
21 12
47 2
58 126
205 165
119 85
72 43
80 78
1 76
99 170
77 16
6 34
42 90
58 14
200 112
29 37
5 139
158 45
133 167
200 122
42 111
84 87
212 27
88 72
47 84
3 139
197 47
52 123
173 39
8 92
23 62
50 141
39 127
76 57
24 195
127 35
6 157
148 78
170 158
18 66
19 118
114 100
51 16
1 24
13 117
11 139
22 25
80 74
47 174
13 132
139 65
5 116
13 35
18 13
173 4
153 76
6 189
84 51
50 129
56 61
114 68
14 59
18 62
16 7
89 23
15 124
47 184
90 33
22 47
108 172
59 67
161 82
111 23
11 49
30 76
137 18
63 197
153 13
47 155
45 32
0 155
160 119
139 123
5 130
28 67
33 126
63 89
0 27
162 127
63 59
87 24
13 172
189 24
59 4
32 216
111 25
37 61
42 43
63 108
6 35
186 211
85 10
13 61
34 1
14 119
13 6
109 92
8 29
93 75
72 148
80 123
9 167
64 133
59 62
81 43
104 189
160 51
131 161
58 67
5 104
161 189
80 61
18 84
52 169
82 139
41 101
79 172
1 40
169 62
16 3
5 21
6 87
161 90
56 40
71 11
24 60
125 109
168 130
137 53
33 184
23 170
200 130
76 48
127 173
66 6
125 101
104 18
30 183
129 126
87 126
221 89
21 5
208 178
85 2
109 18
71 137
47 211
30 41
110 121
72 63
76 132
154 3
129 184
125 34
162 62
24 127
158 149
207 165
21 161
41 128
173 27
62 34
99 114
52 150
105 49
88 18
51 9
139 111
77 3
29 13
62 173
183 40
18 190
80 108
3 105
116 141
173 38
64 27
13 38
35 21
158 135
129 4
80 72
159 26
88 66
76 40
186 24
80 199
139 161
147 215
81 62
59 19
80 136
47 149
61 73
129 92
82 104
125 33
35 73
170 172
13 23
89 2
87 174
119 196
84 24
120 64
6 4
37 15
80 87
6 33
63 55
21 20
51 138
22 118
33 189
127 22
34 126
82 120
21 34
56 0
34 76
13 157
59 173
15 59
117 113
61 41
24 35
142 105
9 65
126 157
19 58
199 37
80 67
76 13
111 105
88 125
42 137
118 172
18 135
85 47
61 3
53 203
22 83
6 14
72 75
127 74
83 3
119 83
80 20
84 49
7 23
84 90
59 40
165 205
169 116
59 118
50 105
80 34
30 64
92 61
86 47
62 174
125 80
76 105
47 110
61 106
6 44
80 90
5 78
2 73
72 82
8 20
13 152
169 167
184 26
0 12
8 10
90 68
47 136
12 150
30 141
127 137
56 120
47 111
212 11
35 1
61 6
142 51
59 119
93 32
11 12
23 34
3 34
56 111
127 58
209 218
135 64
70 144
117 105
116 121
125 30
22 101
49 5
58 108
3 104
158 188
104 26
24 183
10 64
123 89
65 113
81 197
6 190
56 5
18 14
161 173
24 87
102 184
67 173
30 62
117 121
37 152
173 84
66 167
14 104
66 124
56 65
71 25
171 133
129 173
90 161
128 52
47 25
145 93
84 72
82 27
139 173
22 6
5 152
47 188
72 170
116 40
11 212
61 49
85 18
47 126
173 172
56 13
203 53
118 11
125 5
109 124
92 175
76 167
151 106
127 27
6 126
139 183
77 23
62 65
203 75
16 173
15 51
155 152
10 117
3 29
14 173
29 27
147 186
59 37
61 117
33 124
54 46
177 105
72 187
82 59
127 175
59 58
13 16
80 220
42 47
6 84
21 132
162 23
93 54
15 11
58 189
109 85
43 27
14 127
90 125
80 8
69 145
52 187
87 6
190 122
37 11
41 84
101 65
90 84
87 61
24 57
194 8
41 152
80 60
90 89
85 118
139 61
198 153
50 57
33 49
117 139
18 125
47 156
50 175
129 128
19 209
162 59
48 106
127 78
179 178
85 138
137 43
90 152
136 63
76 59
6 195
80 92
47 128
71 6
18 39
155 52
6 149
58 149
72 157
73 30
195 41
63 102
9 5
59 189
161 149
62 199
111 30
20 76
19 14
43 75
82 3
118 42
126 137
59 161
21 62
82 189
104 15
129 88
67 222
47 74
120 27
63 58
134 148
129 6
173 116
105 161
63 109
125 173
89 90
83 27
52 17
30 82
162 11
30 23
139 138
76 1
111 90
119 43
161 4
172 140
78 120
13 5
84 14
59 12
204 128
41 113
37 65
53 145
109 80
142 27
30 34
116 123
161 106
101 24
92 13
173 161
105 78
12 139
189 1
93 68
23 67
8 51
15 120
39 10
19 52
111 32
2 132
131 0
66 10
111 84
58 47
67 174
107 145
109 49
20 137
189 155
24 71
32 65
109 174
33 83
72 0
63 90
35 0
84 83
47 120
58 53
104 34
27 6
126 63
109 127
150 161
22 90
27 19
22 84
24 56
173 183
99 127
83 11
17 3
104 11
62 155
189 103
119 101
173 90
109 101
136 148
9 51
189 59
64 78
8 24
80 27
195 47
19 23
59 56
117 167
12 51
24 128
20 4
5 124
72 140
101 126
63 11
72 124
129 141
88 141
103 132
20 51
83 51
38 173
40 159
27 123
56 23
24 75
12 117
209 26
121 133
62 41
146 205
173 41
6 80
51 184
8 116
189 25
14 105
33 40
168 68
119 160
127 36
58 11
118 114
114 81
90 30
197 41
52 15
12 90
9 37
51 151
161 9
66 72
52 84
127 101
58 130
30 51
150 141
4 32
13 8
10 125
24 12
24 137
146 207
23 43
64 63
47 97
119 71
42 59
35 155
13 34
58 76
72 66
132 183
162 40
105 111
87 188
47 189
167 75
80 30
63 153
23 141
117 135
129 72
47 138
92 155
105 66
58 90
102 6
56 139
65 3
119 188
12 11
116 5
32 123
59 10
56 189
93 97
24 119
0 189
49 184
127 38
58 117
80 152
34 161
2 89
49 27
172 23
104 1
72 37
149 108
117 169
80 42
77 106
47 83
43 40
153 26
146 186
52 139
134 27
132 59
20 80
3 66
37 90
73 150
184 25
59 153
14 118
6 109
33 138
24 105
64 83
111 56
66 113
13 64
80 51
6 52
5 113
61 125
128 95
10 23
87 28
66 140
36 209
130 32
78 11
29 14
42 34
192 60
47 159
154 136
136 126
34 58
80 89
42 20
113 37
7 188
129 155
62 110
13 139
24 37
20 141
63 81
109 110
22 78
42 16
56 62
126 172
148 27
6 117
121 130
90 141
72 197
114 197
14 101
22 80
34 187
125 177
117 76
105 139
0 48
41 197
137 154
40 49
15 135
176 122
90 41
63 40
163 141
11 142
61 139
56 105
15 150
113 105
90 65
51 72
51 66
87 108
78 138
79 111
50 66
11 79
111 136
67 140
67 3
117 132
10 6
127 14
63 118
89 169
72 104
66 152
9 161
107 68
137 61
39 5
23 131
51 105
160 84
101 190
104 194
30 163
37 105
13 124
18 58
22 58
16 139
41 106
95 113
155 103
12 65
33 6
80 173
85 110
145 160
80 117
61 72
39 173
27 47
59 113
104 13
34 57
58 48
23 173
13 57
109 13
11 116
23 76
82 130
127 83
51 73
58 127
52 117
19 57
162 199
125 120
13 153
11 67
3 56
17 65
83 173
30 111
63 43
9 30
132 116
22 51
109 54
127 90
127 21
165 201
31 60
36 133
56 24
10 140
114 94
14 90
3 212
23 149
37 16
33 62
102 54
75 32
78 40
224 171
59 132
4 76
13 49
71 87
118 67
111 76
62 35
61 50
61 78
20 129
0 65
67 20
62 39
87 51
14 9
8 121
140 185
47 119
42 154
6 58
97 168
41 173
153 57
5 88
163 209
81 27
109 90
42 44
86 108
95 184
13 39
118 87
76 121
129 66
137 29
51 108
90 72
37 0
10 4
51 5
5 22
18 82
17 78
13 4
16 78
128 134
139 117
146 32
86 149
172 52
117 1
67 170
103 184
131 13
16 52
34 40
161 12
102 87
139 135
72 76
104 92
34 124
126 87
9 50
41 11
190 149
61 116
109 47
114 130
24 135
24 101
16 30
175 61
29 104
125 15
87 53
127 162
23 161
56 1
61 67
72 14
39 23
67 13
76 34
118 137
110 6
67 108
157 6
183 128
61 52
105 34
135 153
17 27
161 124
58 172
59 127
61 4
3 77
100 94
205 207
58 0
203 107
16 204
87 125
148 172
8 57
3 11
10 79
79 51
131 121
58 4
118 22
23 12
8 16
47 218
19 172
161 141
64 105
173 23
36 26
218 122
30 9
161 105
58 148
82 14
161 153
8 2
118 129
23 155
14 109
173 175
50 138
61 66
19 67
72 39
41 139
148 40
63 184
9 39
24 82
114 53
147 60
80 26
114 25
80 137
120 89
24 62
58 42
24 121
129 27
114 11
127 184
58 39
64 134
223 219
153 135
114 58
101 5
62 9
133 149
136 87
62 15
47 59
143 222
116 183
1 189
76 124
3 111
42 114
29 39
125 76
24 155
28 47
42 87
171 224
37 150
24 90
9 34
83 62
48 75
111 132
103 134
93 168
125 117
63 113
67 206
92 135
134 183
137 129
173 150
137 126
29 48
159 184
4 6
59 187
78 126
125 4
27 64
16 141
161 117
183 187
63 106
63 218
6 86
63 48
30 61
34 65
33 3
22 20
76 23
30 15
10 5
53 185
107 11
93 145
6 37
67 75
163 2
9 76
185 203
109 172
119 19
153 187
58 175
6 141
14 138
13 12
87 10
81 51
120 135
150 106
59 18
173 83
113 173
52 106
125 12
3 12
35 161
58 19
56 64
161 56
150 113
114 47
114 75
40 161
51 82
72 88
86 72
47 104
51 24
150 3
58 136
139 189
47 76
92 51
85 127
59 105
119 58
47 19
85 136
153 134
83 136
30 138
64 135
161 128
217 222
16 11
32 52
16 35
24 26
6 48
64 184
71 97
42 129
171 222
65 63
59 3
30 65
19 90
126 114
88 33
22 72
147 205
118 117
58 79
76 141
22 108
190 6
47 197
80 38
85 84
183 133
169 162
59 106
24 9
117 79
184 106
33 104
142 26
114 168
118 12
24 16
51 3
8 52
5 24
30 161
72 141
97 94
34 73
29 26
161 0
47 80
62 59
173 3
127 63
14 84
13 167
101 135
6 18
164 159
16 29
42 156
126 84
58 72
76 24
136 58
59 13
6 138
197 84
58 49
198 26
9 139
8 194
82 26
59 81
32 174
154 72
34 167
23 77
158 133
6 65
3 30
125 51
116 132
34 0
14 32
20 41
18 148
125 111
189 175
80 65
43 11
3 117
20 124
52 65
20 27
63 22
34 134
82 141
56 141
162 106
52 105
13 150
30 80
9 132
76 64
187 167
82 150
33 80
85 42
159 100
148 63
58 138
66 187
5 123
14 48
127 135
119 129
87 94
6 184
111 135
32 27
64 52
172 51
126 62
62 38
72 60
110 126
126 127
183 132
24 19
16 184
127 23
201 207
29 150
125 38
148 6
41 141
14 11
59 1
206 130
114 118
13 2
33 11
148 125
103 116
40 81
13 126
190 72
61 76
87 78
80 18
63 157
125 84
80 24
200 114
34 13
64 89
136 84
173 189
47 43
20 11
29 125
40 120
84 160
204 64
114 84
80 188
14 18
13 161
34 29
51 62
161 62
59 34
173 50
221 59
1 64
43 58
19 65
92 5
99 14
90 62
47 190
18 152
114 23
18 33
127 6
104 162
111 39
51 161
21 24
189 117
48 113
109 104
115 206
82 62
34 3
22 18
62 6
72 78
80 105
90 139
80 119
194 29
51 30
48 159
162 90
136 14
13 0
153 64
9 3
104 14
59 50
29 16
62 161
184 159
190 63
18 127
146 201
15 35
102 27
34 135
73 51
117 5
24 117
81 40
11 186
33 38
63 84
80 0
58 16
52 172
18 101
59 128
79 0
24 40
175 27
13 155
72 195
64 26
21 49
12 30
127 187
116 59
118 24
129 39
136 83
88 13
22 85
96 100
156 72
1 135
103 26
56 3
51 129
18 40
183 34
58 152
72 58
49 106
67 11
116 27
129 50
19 136
66 127
24 173
33 125
50 5
88 4
22 88
52 128
37 199
21 0
2 23
58 156
117 52
20 59
6 16
118 27
24 136
135 121
117 11
162 133
80 175
4 24
8 90
88 61
24 11
183 134
85 87
121 120
19 44
58 78
9 187
88 197
87 62
47 143
189 51
109 51
125 148
189 49
21 6
103 24
111 3
42 101
72 93
20 67
5 101
131 183
24 48
8 80
59 155
39 42
61 127
48 23
6 118
155 124
87 23
62 104
76 63
84 63
92 16
173 82
21 11
139 62
109 7
27 151
90 46
47 14
161 40
58 15
