225
0 1
2 3
4 5
6 7
8 9
10 11
5 12
13 14
15 16
17 18
19 20
21 22
2 23
24 25
26 27
16 5
28 29
15 30
31 32
33 34
35 36
11 37
38 39
40 41
42 43
44 45
46 47
0 48
19 27
47 49
50 18
51 52
10 53
54 11
55 12
5 0
56 57
58 59
0 27
21 60
44 61
62 63
15 64
65 66
67 12
11 68
15 69
28 70
71 55
16 72
73 56
74 75
76 77
78 79
80 32
81 8
82 68
83 84
85 86
87 88
56 4
89 64
68 67
16 90
11 91
92 25
93 94
95 37
96 7
4 97
98 99
100 101
41 18
95 48
102 36
94 103
20 90
57 104
105 8
43 17
106 64
4 49
107 50
31 50
108 83
5 98
109 12
81 57
22 108
83 30
10 108
22 32
17 2
47 110
6 91
83 15
53 24
81 29
83 4
41 111
40 112
11 25
99 112
32 12
0 110
113 114
77 81
40 57
115 32
56 3
50 77
82 21
35 0
116 82
117 102
95 118
37 26
55 71
21 107
56 41
79 42
15 61
90 119
83 57
102 68
68 5
110 16
118 66
99 16
43 61
97 55
49 68
92 1
44 29
108 10
98 77
45 109
120 95
95 66
41 27
108 116
55 16
82 107
68 19
47 74
5 116
121 122
123 39
45 11
117 115
95 79
4 102
7 15
124 39
125 25
126 86
57 75
123 111
117 68
116 127
102 99
97 12
104 120
2 95
120 8
119 50
45 104
79 111
128 1
74 82
129 27
98 72
83 107
95 128
0 5
55 112
119 130
66 67
99 111
116 90
123 18
2 70
64 89
47 16
117 128
119 2
32 67
65 119
116 26
98 118
7 25
91 75
16 46
45 74
117 131
81 17
29 32
68 12
84 112
95 35
102 77
21 15
95 5
108 9
132 133
133 132
117 95
95 63
0 134
96 128
97 99
101 3
59 133
8 37
63 29
37 30
120 116
22 50
41 48
104 67
94 32
8 32
46 15
49 32
135 102
48 64
36 4
91 77
80 133
57 95
115 128
26 79
41 45
45 57
49 25
50 25
67 30
68 111
134 4
76 91
55 22
110 115
11 54
119 133
22 79
24 81
97 95
90 68
117 43
109 42
82 22
92 68
19 91
12 22
136 137
134 77
15 138
54 90
24 9
15 81
47 63
4 83
119 17
48 25
98 57
21 68
26 90
117 109
32 120
139 107
127 29
12 140
117 77
141 27
61 62
16 45
134 47
7 108
102 56
42 120
142 143
120 16
32 26
15 144
2 144
24 145
35 134
82 95
19 41
35 95
73 5
82 112
146 8
25 112
147 148
5 66
28 12
119 32
115 54
43 119
149 150
56 27
21 24
22 26
98 32
46 45
7 16
22 82
95 42
0 151
123 152
153 133
19 12
26 60
50 46
43 63
2 37
12 26
108 90
45 24
53 1
98 154
42 55
132 153
11 32
99 41
82 10
12 82
125 38
15 62
4 30
155 32
46 67
10 2
45 55
74 41
28 156
16 44
53 28
82 157
63 66
116 97
83 3
84 37
116 37
139 108
78 117
105 112
55 4
102 22
10 104
21 61
21 90
21 28
19 156
49 112
112 27
4 158
45 70
26 127
4 88
53 159
13 33
16 102
57 10
15 95
55 128
92 63
102 160
102 50
81 112
112 91
74 143
95 54
49 81
79 16
161 162
71 15
66 73
163 164
92 39
15 31
157 165
112 30
166 81
102 55
59 161
31 17
114 133
28 90
116 29
4 167
15 127
21 130
154 95
95 83
12 117
74 97
55 111
82 70
41 72
35 118
57 82
68 107
79 8
21 133
4 79
4 16
134 43
7 107
42 70
147 168
117 16
108 16
36 112
42 128
115 41
0 16
92 49
169 90
45 102
109 83
2 156
10 83
0 10
170 171
84 107
108 91
16 28
120 26
47 32
117 19
82 60
37 172
21 115
98 47
41 62
118 75
56 15
105 99
20 77
173 152
68 104
26 133
56 30
174 2
83 10
71 107
19 111
5 45
79 104
100 18
22 48
16 55
45 30
125 107
53 77
58 162
128 54
129 37
161 132
97 7
15 109
55 165
21 29
153 175
176 27
132 162
117 69
161 32
16 8
2 112
19 24
29 90
97 19
15 17
7 134
177 32
83 67
95 109
104 41
91 94
49 36
21 37
117 157
19 97
44 9
111 67
63 27
6 68
128 45
11 133
119 1
116 57
44 37
129 90
161 59
97 6
20 11
28 112
168 141
55 47
51 178
57 40
179 32
169 29
116 111
16 34
20 145
53 81
120 40
94 11
177 39
120 68
150 14
117 47
32 41
92 12
74 45
28 32
11 30
55 117
180 39
125 41
62 84
108 18
15 36
90 81
75 103
45 127
6 70
15 7
76 30
80 59
16 88
36 77
45 95
15 66
19 57
37 72
26 95
64 181
99 22
20 172
4 117
12 21
108 63
12 70
15 74
15 120
16 26
74 102
117 42
171 141
95 19
21 72
66 2
82 91
10 55
68 8
66 7
0 63
4 73
65 5
46 26
10 105
10 91
45 6
99 26
138 26
174 25
145 50
45 84
66 60
74 46
73 43
112 18
43 10
21 12
72 40
106 48
21 62
102 7
91 47
43 102
35 96
7 50
0 79
118 116
32 112
46 116
98 133
15 0
0 50
19 45
169 122
83 18
55 57
47 56
21 67
11 43
108 22
109 15
81 32
5 68
19 115
22 57
7 45
24 27
129 112
83 37
63 90
46 32
33 142
45 16
36 79
10 0
95 70
95 11
108 62
45 112
21 111
41 4
75 112
172 81
95 139
136 174
99 143
42 133
42 95
128 90
175 162
81 18
105 49
115 4
0 90
56 18
57 24
49 11
50 32
68 24
71 18
83 108
68 66
91 22
12 5
16 91
26 116
44 10
95 152
4 19
2 20
42 117
145 20
152 25
28 114
19 6
56 12
6 120
117 125
66 68
11 8
56 111
28 11
15 55
129 107
158 48
2 21
135 39
57 37
50 4
2 66
32 68
174 121
120 60
95 22
182 183
102 116
91 78
78 22
19 102
88 184
105 134
45 50
90 112
58 113
185 70
4 55
17 81
93 16
19 107
117 32
97 16
79 69
91 111
55 10
98 25
152 173
112 72
112 57
47 185
5 117
16 108
97 61
95 56
112 60
118 36
45 91
85 126
33 186
94 68
56 77
102 157
44 68
52 187
71 77
49 8
156 120
0 53
19 1
68 44
19 104
47 90
55 40
0 68
97 32
117 20
78 47
181 18
2 17
97 45
68 49
102 43
120 12
6 5
43 48
92 24
32 84
48 39
53 25
43 77
20 57
97 116
97 133
108 61
15 83
116 157
55 9
47 1
102 9
26 107
134 75
7 116
22 116
82 49
188 112
98 7
156 1
12 156
57 43
16 67
92 188
47 79
108 171
63 41
45 19
15 116
45 62
81 56
56 9
98 82
16 35
96 73
90 61
31 4
41 94
108 131
15 45
75 15
26 32
95 4
22 75
120 113
184 165
70 60
189 170
12 116
105 109
43 97
79 77
95 97
66 81
91 97
82 43
41 102
107 81
22 156
95 90
82 94
123 107
47 8
16 54
190 191
0 30
108 12
91 60
95 88
15 105
2 192
16 97
21 74
31 57
100 131
68 11
25 174
116 41
193 124
26 72
15 48
55 37
36 41
81 40
2 69
81 63
83 128
108 139
45 29
102 47
98 38
82 3
22 39
95 25
31 12
47 26
145 18
159 68
50 1
41 40
96 15
47 109
6 79
19 8
4 91
7 35
49 41
91 12
50 16
22 9
109 35
53 84
2 75
112 62
102 127
109 25
194 39
20 25
68 30
112 25
7 104
12 98
53 27
20 78
105 24
76 56
134 15
80 114
2 179
70 90
6 63
185 2
49 145
6 188
90 32
4 133
72 95
35 7
105 77
106 4
56 99
95 10
149 13
56 69
58 156
77 29
52 195
24 18
41 125
89 181
56 39
62 107
120 63
19 43
22 56
49 35
46 6
120 112
16 127
56 35
10 156
16 134
41 90
94 4
102 91
105 27
71 62
15 193
4 68
74 35
77 94
19 32
61 90
94 107
66 119
16 69
110 79
110 57
83 7
81 72
81 67
105 68
47 24
58 112
7 79
21 70
82 26
152 129
7 75
117 74
2 165
99 120
47 111
54 66
41 25
77 56
95 91
21 185
6 112
43 60
94 93
77 157
16 156
26 112
44 57
78 74
98 108
56 156
46 74
90 156
33 143
6 50
11 41
182 187
43 78
35 73
53 76
82 72
50 90
90 67
57 18
79 10
125 12
22 66
92 57
22 165
55 152
35 91
58 131
55 125
169 41
78 109
41 109
98 96
15 70
149 14
27 68
123 81
82 2
82 5
95 145
98 37
106 15
138 101
100 165
2 8
120 50
70 27
92 4
117 22
92 0
79 75
102 143
108 120
41 115
154 5
54 60
42 61
40 24
7 12
44 77
77 69
45 125
95 41
82 77
20 47
43 37
81 175
20 12
99 24
66 95
78 4
84 8
100 3
16 9
42 78
97 91
19 42
181 64
168 196
16 107
7 90
157 48
76 95
95 185
68 128
43 68
156 18
169 156
68 145
139 3
72 25
45 32
146 32
56 26
116 63
83 49
128 69
102 66
20 84
109 104
22 15
112 107
95 50
104 78
83 42
159 37
73 145
4 157
128 134
197 163
46 82
150 37
4 198
91 88
91 48
82 55
127 74
19 77
109 6
83 66
12 46
47 41
16 30
108 41
77 36
58 27
19 49
139 81
2 34
16 24
129 145
0 49
77 76
91 30
82 18
139 61
80 161
2 101
94 90
116 17
49 29
43 104
46 133
188 32
45 5
57 56
56 17
2 29
56 68
37 1
78 15
12 11
10 78
75 116
108 81
29 111
24 77
21 26
108 48
16 60
104 17
159 77
47 120
156 77
45 20
29 37
92 27
55 8
82 172
46 95
16 68
79 22
95 131
37 29
99 12
44 113
68 156
79 116
108 30
0 12
42 79
105 56
12 53
44 32
90 37
43 140
50 63
25 18
7 4
15 29
170 137
67 37
27 112
97 15
16 37
101 2
47 128
37 8
50 95
150 24
134 10
102 16
72 116
82 114
57 25
129 18
82 75
45 111
154 48
51 199
78 105
82 56
109 21
102 54
25 40
170 131
117 40
73 57
68 60
77 91
2 108
103 77
102 24
43 112
44 8
53 12
104 36
45 49
95 111
45 1
0 188
44 130
49 10
158 18
166 113
7 63
97 43
139 24
54 37
58 185
16 49
2 77
62 72
51 143
6 95
42 125
62 94
108 25
4 7
71 112
55 19
53 99
12 125
55 76
35 32
77 82
111 159
78 128
40 68
47 159
95 123
170 101
15 2
19 172
108 95
95 116
94 37
16 138
12 112
74 4
108 133
102 88
12 90
67 32
45 7
84 32
5 108
47 115
31 46
40 37
169 57
56 143
12 41
50 30
128 32
95 69
4 45
117 111
50 114
81 24
76 24
20 68
4 95
28 78
28 113
28 171
200 201
21 97
49 9
80 43
26 73
46 55
53 78
82 50
21 49
76 16
156 32
91 133
185 81
71 9
109 57
139 12
55 107
54 36
104 49
46 71
134 128
108 101
98 75
109 84
181 89
94 29
58 80
29 112
16 119
50 41
83 77
134 118
161 28
43 9
32 90
97 44
57 78
11 81
112 43
2 57
202 39
83 8
99 97
82 63
120 157
97 172
12 63
109 10
109 69
45 40
117 127
4 109
12 115
0 26
95 36
15 78
68 48
91 101
96 79
82 40
56 104
26 24
45 97
37 133
24 104
105 81
43 157
0 120
10 81
47 68
99 67
81 139
109 75
108 40
42 24
10 7
117 41
142 33
77 144
5 4
61 29
19 84
139 172
32 70
188 92
2 157
15 203
47 156
105 74
46 34
43 32
150 63
42 77
139 112
82 1
91 107
82 0
56 95
91 72
49 95
63 111
63 26
17 68
128 41
19 63
115 157
98 83
174 143
169 131
94 104
25 32
102 79
46 127
91 81
11 111
2 111
99 25
98 90
49 27
139 8
4 184
4 50
0 92
41 117
105 57
74 109
115 37
22 111
77 24
62 24
55 156
83 159
91 32
41 5
109 102
1 111
19 22
41 49
67 70
188 0
12 76
92 15
4 106
204 48
41 42
94 133
32 27
72 107
79 29
83 26
50 17
102 44
45 41
74 30
19 50
113 162
102 57
19 128
25 29
83 75
159 17
99 70
40 43
124 5
98 20
35 16
24 60
73 63
68 43
70 119
102 12
71 31
0 152
55 127
127 82
81 48
11 24
41 133
110 111
92 104
108 19
7 95
26 16
98 97
110 12
77 18
19 47
68 25
0 46
7 66
47 70
2 30
33 165
169 30
96 118
15 79
149 88
83 32
91 16
99 5
21 56
12 67
56 76
26 12
16 23
110 32
145 40
48 165
108 112
116 25
135 48
1 40
57 17
99 40
41 66
25 107
74 98
70 62
102 45
109 11
6 76
108 27
99 27
73 26
97 41
31 112
92 95
22 69
6 116
97 10
91 108
91 56
112 90
20 98
45 99
92 41
94 81
43 1
20 2
169 174
20 18
16 43
10 95
41 92
19 37
26 43
141 165
116 4
102 25
53 91
54 77
45 44
92 6
19 90
170 54
82 46
15 54
83 29
15 35
188 91
32 8
31 10
95 78
16 77
134 116
0 74
21 38
18 119
2 1
76 32
30 32
26 77
21 30
172 91
43 107
7 60
2 41
56 63
117 55
35 72
170 189
0 25
95 62
77 17
47 46
169 26
97 81
117 122
44 47
58 81
49 69
117 84
13 142
16 7
21 50
120 111
133 113
10 97
79 81
47 84
45 138
0 112
6 37
11 57
7 81
17 50
95 75
93 112
74 188
95 143
74 112
116 75
70 32
117 29
90 1
95 12
79 71
91 74
7 145
56 5
120 18
112 40
205 206
20 23
117 156
37 70
16 29
119 77
29 30
77 27
79 97
10 30
45 116
49 67
83 2
15 76
120 62
20 102
68 172
15 99
117 4
205 52
78 45
74 95
55 134
26 37
12 4
15 40
92 76
10 103
119 9
92 61
16 47
159 41
24 112
164 163
78 10
81 1
95 107
95 156
32 40
91 90
50 43
94 84
53 95
37 24
47 37
172 37
12 57
81 16
54 112
53 32
113 175
95 32
197 207
54 30
79 82
68 72
55 109
56 40
112 68
115 10
22 5
174 184
24 40
57 77
82 137
11 145
95 104
111 81
77 103
144 3
53 37
125 10
43 56
128 109
185 90
44 108
67 107
91 79
84 68
4 31
41 55
119 18
53 83
26 47
95 92
4 69
82 131
19 16
49 63
16 17
6 107
41 78
82 74
49 75
70 107
20 9
94 41
55 31
54 128
104 15
1 92
6 133
61 37
15 27
90 10
43 4
104 77
78 57
37 41
4 42
40 60
35 102
95 67
102 3
2 120
118 134
108 32
41 19
10 68
15 91
125 91
154 45
2 174
76 84
46 0
12 19
12 139
91 26
43 57
31 47
22 25
28 133
7 5
117 112
20 8
4 15
28 185
20 27
99 72
110 54
98 76
0 107
162 113
4 32
55 15
117 107
2 88
2 40
21 79
11 159
94 156
16 145
19 109
74 50
32 37
10 4
95 65
21 1
42 165
21 46
104 81
25 48
145 24
91 109
108 119
145 95
81 9
7 56
110 37
19 117
95 120
55 68
134 56
5 53
21 81
208 9
79 103
104 50
82 15
120 94
12 102
152 123
43 49
22 84
66 5
12 110
19 55
161 133
15 68
45 94
55 69
120 0
74 78
94 112
2 24
108 94
142 192
4 29
32 172
56 60
6 84
90 145
44 172
99 84
0 32
54 68
109 20
15 185
146 66
6 94
43 91
76 7
98 112
102 5
26 62
108 35
129 41
95 76
36 118
119 97
73 81
99 10
92 156
82 79
47 91
81 104
81 90
108 186
50 37
49 111
125 55
64 131
7 42
16 63
54 40
95 157
28 26
92 69
15 23
20 32
169 81
117 5
109 105
97 29
57 111
43 54
209 202
16 57
21 19
2 131
63 16
21 99
44 97
53 63
94 91
133 32
44 90
117 79
26 101
82 45
53 10
120 67
36 111
49 12
11 40
112 37
41 159
68 84
107 144
15 154
161 80
73 10
170 157
197 210
109 117
145 66
77 57
98 18
117 8
156 41
110 112
105 104
36 10
68 57
5 43
10 94
77 75
99 56
129 111
22 10
76 107
146 18
12 83
68 56
21 101
104 91
110 55
20 69
130 16
94 66
169 63
46 4
81 143
21 16
6 47
74 55
26 29
55 25
52 157
24 41
16 1
10 90
125 69
16 104
132 114
77 10
55 30
81 111
15 98
109 72
209 165
16 73
20 29
36 57
15 72
94 27
115 3
10 98
21 117
45 4
19 40
4 94
4 211
4 165
88 32
206 205
48 111
42 8
20 66
13 30
120 90
95 102
4 111
90 24
21 27
119 43
92 82
12 92
82 135
82 84
12 94
12 78
81 62
102 18
10 57
7 157
109 16
141 39
74 37
16 56
43 41
54 115
20 4
83 81
111 77
91 24
145 37
44 112
109 45
78 68
91 45
102 74
53 4
82 37
91 18
77 15
102 111
109 5
116 107
104 75
110 47
21 17
0 40
128 12
91 23
16 130
97 27
41 43
54 29
10 47
109 40
102 39
7 118
70 112
134 102
5 112
79 26
21 109
10 120
5 22
21 41
91 83
15 112
72 32
6 29
79 37
79 112
6 83
78 49
12 188
42 49
46 72
58 67
147 196
102 21
40 30
189 157
56 78
125 78
109 73
80 132
205 183
102 72
49 84
68 81
25 2
83 105
115 109
83 91
95 125
91 57
90 16
116 23
15 96
12 74
81 60
169 185
109 74
139 37
29 60
73 104
42 10
96 134
49 40
50 68
13 165
1 16
22 49
123 12
19 95
86 126
174 4
5 11
92 29
73 60
70 26
75 4
75 157
116 112
91 95
84 78
71 91
159 81
21 120
95 112
57 22
174 3
68 26
25 81
93 107
5 109
41 11
29 41
29 43
75 24
102 118
47 135
56 8
7 2
51 183
7 138
56 82
107 25
82 156
117 15
123 60
105 10
95 135
41 68
5 97
20 37
2 50
4 107
42 102
57 27
98 119
47 11
0 94
124 165
108 60
10 45
117 91
2 38
110 194
6 12
20 95
109 7
41 12
4 181
120 107
16 185
139 72
6 111
75 94
105 41
42 56
77 1
74 71
4 143
57 107
7 9
95 26
10 102
16 11
108 24
41 145
169 47
83 134
20 112
108 6
20 134
15 41
117 63
16 19
102 20
75 56
68 32
16 27
169 120
68 159
15 111
2 25
81 130
2 185
125 165
7 119
157 39
54 12
82 133
15 63
65 25
92 91
43 16
1 90
54 111
95 127
109 55
8 63
111 24
149 165
99 68
4 56
47 15
107 18
47 4
146 140
68 112
99 95
95 2
102 29
16 18
172 41
117 66
10 79
19 56
104 60
48 107
15 159
159 111
46 31
81 133
181 100
117 24
109 127
6 46
112 32
83 17
73 116
45 79
116 46
13 27
15 4
95 68
122 38
20 55
62 95
95 15
11 5
95 81
95 30
79 73
68 40
127 12
32 11
55 20
81 11
102 109
35 116
15 57
68 9
11 27
174 48
50 116
0 57
24 43
159 32
56 48
115 56
155 156
109 156
97 73
45 90
125 32
71 10
102 139
56 133
16 25
1 119
82 41
96 101
158 32
116 50
21 76
40 18
78 77
37 145
66 17
0 4
53 41
45 38
156 70
102 133
81 107
78 99
58 133
54 26
159 112
70 68
66 41
29 25
79 76
79 67
74 105
134 35
104 167
109 8
0 35
169 8
118 35
144 39
48 158
7 32
184 88
4 27
83 109
74 61
81 27
47 10
41 79
12 172
188 12
91 135
6 40
25 17
107 32
0 103
21 156
159 10
68 78
41 1
156 175
75 118
156 16
116 10
117 48
123 63
10 117
16 2
102 165
143 25
17 39
1 50
92 19
26 67
91 145
45 26
12 25
16 81
134 16
119 21
21 105
82 25
51 3
15 9
21 39
21 45
82 62
169 20
56 72
135 81
45 76
109 78
47 172
16 79
103 24
41 57
95 140
5 70
157 173
98 45
102 78
19 10
62 37
31 56
98 26
40 39
112 77
77 55
43 90
4 84
77 159
83 24
26 30
31 70
102 134
177 180
15 94
4 41
105 165
45 145
109 99
61 32
57 19
47 44
82 111
104 10
158 64
95 47
29 63
21 91
15 102
20 119
55 94
2 90
120 41
108 77
212 213
84 63
106 98
120 27
108 70
1 37
66 94
50 57
12 109
92 34
152 111
27 41
43 118
21 119
105 4
16 32
150 41
104 63
108 99
40 81
76 29
45 107
48 157
102 82
92 26
21 20
31 74
81 77
15 115
112 9
4 63
94 16
104 57
13 214
90 111
49 37
135 157
9 32
55 120
15 104
0 156
50 108
135 172
76 4
139 10
64 158
122 121
58 175
51 187
19 21
10 134
108 66
100 181
4 116
156 8
185 25
1 9
16 114
33 14
95 17
5 41
74 57
42 26
156 90
54 8
22 12
164 207
64 48
77 54
36 32
152 165
81 159
12 81
45 77
10 112
50 81
20 157
62 16
96 75
16 112
109 19
21 4
123 129
18 156
10 99
49 104
0 76
21 66
198 215
20 15
31 95
6 27
140 32
97 82
97 5
91 6
108 21
19 46
79 4
139 159
123 68
119 16
33 149
95 130
21 57
97 72
50 2
105 5
69 41
45 75
79 138
146 156
70 37
6 30
95 134
65 40
16 98
21 77
45 174
119 12
6 4
109 29
125 19
123 29
46 41
22 91
135 40
82 145
159 107
95 74
120 37
26 45
15 19
41 91
108 102
21 18
79 95
45 117
43 29
56 2
15 167
216 217
120 66
61 1
70 133
45 101
98 5
117 94
4 134
53 69
108 1
81 91
104 56
102 70
58 24
169 66
13 137
97 74
22 41
24 32
13 3
79 107
119 156
99 157
117 37
0 173
56 116
41 20
4 101
92 37
108 157
45 134
55 62
172 47
56 81
96 63
10 27
71 82
94 75
91 165
54 9
54 138
16 128
92 119
28 161
12 127
57 55
26 57
46 97
40 12
10 15
62 26
37 62
10 107
45 172
35 15
1 29
112 48
11 12
95 133
95 16
95 84
102 108
21 42
12 79
97 112
2 26
81 12
169 37
139 41
31 55
10 106
152 88
110 95
47 0
41 112
12 1
159 25
53 0
36 35
42 37
31 71
53 74
2 43
43 116
21 94
77 49
37 111
11 78
90 133
116 95
91 40
42 4
12 37
43 66
4 174
31 9
21 11
21 102
22 78
83 133
43 101
76 92
79 94
76 116
159 27
115 19
16 99
1 56
117 49
5 26
41 77
86 85
102 15
79 102
117 21
96 43
108 72
139 50
49 143
82 8
4 8
11 60
12 8
106 10
70 16
127 46
75 193
88 131
15 20
109 111
99 30
83 36
63 32
96 26
99 15
184 174
117 45
145 63
71 37
79 74
7 73
75 25
84 40
172 25
166 29
10 157
57 69
185 107
29 107
8 41
172 135
2 145
188 95
104 11
66 12
44 58
19 69
43 120
90 27
47 57
55 72
30 133
109 95
149 157
128 78
117 99
104 79
22 99
82 99
76 37
95 31
53 19
97 35
119 66
12 43
128 9
169 107
6 92
119 107
47 112
95 60
21 2
59 175
91 82
128 112
113 153
2 68
11 49
83 56
53 56
104 72
139 39
152 107
42 30
45 27
116 133
168 148
123 119
25 185
46 91
108 29
159 185
91 19
92 11
125 95
42 12
116 45
105 32
49 4
56 19
67 61
66 70
74 127
22 27
5 134
92 78
146 43
102 41
82 101
79 24
0 111
83 35
15 77
120 133
4 10
79 31
26 156
42 57
45 156
15 49
72 91
73 47
90 9
81 165
51 195
66 107
119 41
120 10
22 107
55 74
91 43
18 181
15 108
0 18
98 29
41 32
45 69
83 74
10 43
83 145
40 9
11 29
112 133
22 19
32 113
12 75
0 62
108 145
102 37
103 10
45 46
79 50
83 157
78 8
16 15
45 35
15 106
57 68
17 25
6 10
41 69
65 107
80 218
16 94
53 61
6 104
36 15
81 61
102 35
12 28
45 8
2 107
50 185
16 84
21 63
45 72
73 4
19 29
50 133
66 37
12 133
49 26
112 41
116 134
1 60
55 115
125 21
41 24
20 117
42 145
94 63
75 81
15 18
45 78
43 88
45 81
24 111
110 0
2 94
73 77
45 15
117 174
98 107
22 77
38 121
120 25
98 10
117 93
98 123
66 24
66 57
169 32
68 41
108 98
0 77
99 78
91 29
4 25
107 111
16 4
32 24
10 75
81 88
83 72
99 50
153 162
45 165
55 84
79 46
102 76
134 7
2 130
46 3
132 113
21 40
159 18
105 83
88 25
7 88
66 30
45 25
105 40
91 143
36 94
142 14
55 97
70 145
15 172
53 75
5 105
92 56
149 214
19 79
75 77
95 24
95 27
66 32
63 107
73 15
112 81
49 156
55 102
7 101
208 165
6 45
74 15
82 47
104 94
97 79
53 165
68 91
20 19
78 41
21 127
91 37
50 27
15 134
45 120
79 32
26 66
21 32
111 68
45 66
19 82
42 40
1 12
219 192
117 26
45 118
112 104
201 220
97 127
92 165
81 50
35 26
116 76
12 97
43 81
44 20
17 107
7 83
42 156
156 10
12 99
1 25
83 112
7 10
47 69
129 165
102 17
8 11
19 125
74 84
10 109
55 103
31 15
90 63
50 67
77 104
35 108
103 112
57 60
71 81
16 66
55 39
79 47
55 70
95 9
81 162
44 91
74 77
55 56
68 54
35 29
51 107
70 5
143 174
119 90
96 107
170 3
77 41
19 78
19 112
153 114
2 39
112 111
74 19
126 85
53 57
4 47
83 46
41 29
103 81
43 134
57 63
71 32
108 2
120 1
105 19
82 185
38 122
19 62
105 117
10 111
188 11
110 91
62 8
108 26
15 133
22 72
119 29
29 12
172 112
154 25
68 27
13 25
169 10
117 60
95 114
95 122
99 29
55 91
43 145
5 102
43 26
134 29
6 90
54 32
20 40
20 45
70 9
169 72
28 8
0 3
95 159
98 121
43 35
55 49
95 61
120 30
93 25
109 3
12 129
102 2
50 107
42 19
41 74
102 32
66 27
136 157
25 88
68 62
91 4
4 20
42 15
10 49
71 111
125 112
62 172
120 119
0 17
55 5
74 56
104 12
42 84
120 32
45 39
172 62
76 25
16 76
18 90
109 4
109 157
105 12
33 27
120 9
76 6
6 32
146 60
75 57
4 103
102 4
19 127
156 68
0 24
15 22
53 111
15 92
41 105
152 18
67 90
15 56
95 20
74 12
109 43
150 13
59 113
108 50
172 12
120 5
116 61
46 112
74 79
83 152
156 37
109 112
68 29
45 18
159 24
6 82
105 84
108 5
56 91
181 158
4 127
125 26
116 15
98 1
16 70
82 81
75 10
116 32
26 63
75 134
57 49
81 2
5 82
55 79
106 174
19 15
55 46
45 60
68 133
28 23
42 107
44 84
29 26
83 70
68 37
15 47
87 39
37 57
174 45
45 9
42 74
91 50
108 17
37 112
32 156
15 24
12 104
138 140
7 97
31 78
63 9
7 26
83 27
21 112
100 60
47 122
185 16
82 32
31 79
21 82
116 43
132 161
188 61
42 83
37 63
191 190
91 73
170 32
139 111
91 10
31 37
21 25
77 40
1 175
77 90
21 134
188 30
91 116
96 35
82 61
45 82
120 70
4 17
83 43
45 128
70 63
44 185
4 39
76 61
45 171
205 195
24 107
11 107
45 133
42 111
95 53
79 7
109 2
28 67
12 45
15 90
129 63
43 2
97 119
55 95
6 16
92 16
33 88
99 82
81 25
99 77
55 32
129 66
15 82
120 145
42 50
66 108
82 90
8 62
53 5
36 104
139 32
19 74
41 104
12 91
8 159
0 69
43 25
205 51
20 30
53 40
83 40
4 76
75 0
95 55
25 9
49 15
16 82
95 72
169 11
42 99
55 77
91 17
99 102
4 34
60 48
145 25
2 16
80 90
12 20
42 25
42 109
91 92
81 84
104 156
188 26
108 64
156 11
12 0
118 29
4 115
159 29
43 94
66 43
132 175
70 25
101 43
96 116
41 56
10 22
29 2
156 27
110 172
135 91
6 25
175 113
170 39
188 6
95 0
53 112
15 25
31 107
81 10
45 68
79 12
171 108
92 157
50 119
46 79
45 37
118 111
45 67
172 26
0 47
193 154
43 7
70 24
53 30
139 70
4 105
92 74
68 90
102 19
95 57
92 43
72 17
44 63
82 16
4 48
50 91
8 69
20 107
53 26
4 37
11 18
45 121
169 43
55 45
49 54
117 12
116 118
183 182
102 81
90 29
112 69
42 16
119 145
108 57
71 74
57 4
99 11
108 44
137 194
120 77
62 32
22 112
72 0
83 41
33 3
46 29
80 29
129 25
133 161
7 43
35 77
110 41
15 110
12 77
80 162
16 74
42 112
41 30
20 109
11 90
2 61
135 47
46 21
120 108
153 113
10 125
18 25
20 49
56 75
15 107
76 10
47 102
45 61
78 27
12 120
20 24
21 125
20 105
56 107
94 8
91 131
217 216
77 112
66 116
105 69
0 185
66 10
109 50
37 120
22 55
50 72
133 114
21 47
112 12
6 108
10 66
20 159
4 104
6 99
95 40
62 29
2 7
104 29
1 160
15 97
7 82
77 118
68 15
56 112
172 139
21 8
15 101
10 56
102 172
1 81
129 26
115 47
22 23
82 19
5 120
71 159
98 116
0 75
21 128
57 12
104 40
117 56
58 70
12 16
2 15
13 149
54 16
73 7
149 33
0 101
44 121
31 81
57 32
26 41
56 74
49 43
128 120
15 117
56 43
43 159
45 10
111 32
4 12
98 95
70 41
67 5
108 43
66 25
54 5
97 104
27 57
102 8
28 59
19 68
7 94
0 115
205 171
172 102
150 68
77 72
6 97
182 195
19 30
108 76
76 21
52 51
54 27
113 133
91 49
156 24
19 105
118 77
73 66
120 57
6 15
139 102
93 117
77 2
8 112
74 117
51 39
2 91
11 69
26 68
133 29
5 55
100 64
94 57
97 108
90 185
49 221
31 82
80 153
4 57
49 60
2 27
110 15
78 102
16 120
95 188
31 54
111 107
91 2
92 107
82 69
31 25
15 199
98 74
98 157
112 145
117 10
31 62
43 108
141 5
33 214
116 18
72 8
72 56
0 82
123 66
16 103
134 26
205 187
95 29
109 32
6 127
123 32
15 26
20 81
128 67
163 197
7 29
92 112
108 199
102 95
117 9
71 40
77 74
181 9
66 145
135 101
2 119
68 63
158 181
104 9
94 79
75 74
46 50
105 11
1 18
74 8
92 30
24 66
171 48
95 94
77 8
110 4
15 43
36 49
78 42
5 88
12 7
120 17
37 32
45 108
139 68
73 16
119 92
105 95
117 78
117 81
91 8
4 46
99 9
32 62
15 32
40 133
50 61
54 120
73 79
135 107
6 22
1 41
5 154
78 125
42 90
135 57
71 67
45 154
57 81
102 107
100 144
118 23
70 67
45 48
73 35
112 5
117 104
77 32
10 24
58 222
49 107
108 37
70 111
129 60
172 57
170 5
1 10
4 118
44 43
8 68
74 24
102 69
41 8
128 37
1 49
4 81
100 219
47 9
42 69
12 108
12 31
105 78
2 81
99 156
11 66
82 31
2 9
32 1
15 88
83 98
10 21
110 56
142 25
25 60
73 96
188 37
15 75
10 19
2 67
21 3
94 24
57 94
104 68
54 41
162 175
16 62
83 61
15 156
66 26
55 78
91 76
47 55
92 8
71 79
117 25
56 152
125 30
16 133
54 24
66 104
0 41
21 95
87 223
25 143
177 203
31 110
50 145
10 116
15 5
202 209
150 39
94 50
95 21
5 95
55 42
97 67
66 9
15 42
157 151
15 118
117 36
22 37
12 15
170 193
45 157
72 77
117 3
148 168
83 50
47 67
28 37
12 49
15 157
24 69
116 72
105 55
12 95
4 54
81 37
57 35
10 219
83 12
25 5
115 112
100 30
4 64
6 41
20 41
31 41
120 35
82 116
15 103
7 77
24 91
78 12
47 40
12 18
109 77
16 110
120 24
95 8
91 55
11 104
55 104
98 12
16 92
98 19
82 92
91 102
1 130
105 37
19 133
152 151
70 157
6 26
41 54
125 70
116 12
5 170
94 12
91 114
45 47
10 115
21 165
76 26
81 156
81 172
45 113
47 108
77 68
109 24
97 46
91 25
4 75
79 72
18 77
32 63
45 17
117 64
15 8
92 70
2 18
57 143
83 53
29 17
72 16
108 56
102 84
0 70
36 95
188 133
95 43
156 63
134 45
103 94
47 95
55 172
102 27
4 78
156 112
54 63
78 19
82 71
105 20
5 99
22 24
72 50
119 81
90 66
116 91
43 95
2 84
4 82
2 133
12 32
45 98
82 9
108 156
145 81
56 32
55 75
105 76
57 74
15 12
91 104
91 69
95 1
91 1
55 24
4 24
56 49
7 120
102 40
161 114
95 101
28 153
78 24
2 10
24 90
7 174
45 54
117 27
68 1
55 41
95 82
118 10
4 74
78 104
4 93
79 63
50 160
98 156
134 57
206 187
20 104
67 9
46 12
11 112
20 61
91 127
150 27
134 84
188 74
44 17
7 74
10 1
45 43
56 24
109 47
24 37
17 29
120 156
83 78
5 7
166 107
83 82
74 47
119 131
139 29
98 16
78 127
16 0
19 4
26 111
42 91
65 60
41 22
66 112
66 90
224 165
68 69
6 109
40 32
45 3
56 37
93 32
7 96
81 41
40 27
102 156
109 128
45 194
83 68
16 157
150 32
49 56
28 43
15 3
80 9
153 32
26 91
123 9
78 40
16 109
129 24
26 7
36 55
43 5
88 107
81 54
112 78
103 57
93 4
22 95
118 107
112 24
4 77
31 49
83 95
37 27
95 46
21 78
81 68
44 102
41 47
119 120
118 112
94 10
184 39
82 4
41 127
91 112
142 149
147 165
20 185
43 45
92 32
7 91
109 56
109 46
119 123
83 156
128 15
31 91
0 56
115 12
37 68
12 29
108 97
82 29
105 15
0 2
139 156
55 36
66 129
82 57
41 128
78 112
78 115
109 27
2 63
80 175
54 67
95 108
53 157
26 25
79 15
108 68
45 63
16 40
69 12
12 56
83 69
81 69
94 15
57 112
82 12
104 143
114 113
35 43
95 99
169 1
74 31
41 15
6 1
15 84
50 83
5 67
41 81
45 119
103 41
2 32
40 25
98 120
109 68
42 105
128 16
51 157
90 12
4 112
5 16
70 12
55 82
169 70
120 81
10 143
98 91
82 97
91 68
15 10
26 81
47 20
36 117
47 19
115 95
82 66
102 30
116 56
116 5
76 1
75 79
7 159
158 131
95 45
70 44
22 8
94 77
92 72
49 72
109 70
47 30
49 77
50 120
104 62
99 32
15 73
75 82
37 90
172 32
76 12
83 55
79 25
116 84
37 9
74 32
57 41
32 133
16 111
50 7
81 66
169 112
4 128
31 103
146 145
170 194
29 81
117 105
94 95
168 147
80 113
134 5
145 108
7 57
15 50
119 25
41 99
49 57
15 128
12 62
32 69
129 152
0 95
11 56
97 145
43 50
102 42
115 78
95 172
142 214
79 91
78 55
145 2
97 30
109 107
108 47
10 118
95 44
55 105
17 67
108 67
22 67
6 24
74 90
44 95
107 17
16 61
82 113
4 70
151 173
125 8
70 30
82 98
27 24
62 50
74 29
92 77
102 62
116 70
152 9
95 7
110 49
104 103
145 68
185 60
42 41
99 8
91 41
47 62
77 120
43 24
92 79
26 5
45 12
163 207
53 49
10 16
159 90
152 32
11 1
82 30
6 19
74 7
98 94
84 41
54 84
13 101
47 78
120 43
123 25
0 72
15 46
139 76
116 7
10 42
109 41
90 50
95 77
7 41
97 68
28 30
31 77
104 8
40 107
109 91
79 55
218 80
95 49
102 10
20 63
41 107
66 63
15 37
137 39
50 69
42 32
99 107
24 68
109 115
66 156
21 55
145 17
98 106
78 20
35 75
57 90
90 60
112 66
50 156
26 40
74 83
75 41
53 107
16 172
11 62
88 5
78 56
108 107
7 76
70 120
10 77
79 19
104 32
92 84
102 73
142 13
22 40
74 91
49 19
163 210
150 149
75 49
68 77
45 137
83 25
20 44
41 60
83 76
98 50
0 37
177 191
102 131
21 69
145 32
53 50
21 43
36 102
95 23
16 12
2 143
4 0
117 57
90 18
128 29
102 135
102 128
50 12
81 75
95 18
0 29
12 47
35 57
56 25
104 55
53 29
161 113
28 41
16 78
99 91
21 84
26 138
49 91
78 43
47 54
77 107
19 99
218 113
146 25
102 112
83 111
33 13
83 96
12 55
24 133
21 23
27 32
57 15
35 4
55 83
49 24
16 41
16 95
91 7
83 63
121 38
12 128
21 10
145 119
76 102
10 18
60 32
41 37
97 107
6 74
161 175
77 16
141 171
6 77
97 4
68 18
83 104
120 2
10 159
47 82
149 142
53 66
220 201
45 56
70 18
37 67
56 11
15 119
81 145
125 68
47 12
99 19
16 75
4 36
108 7
0 91
88 165
98 81
99 108
158 144
56 10
68 10
69 72
24 48
56 1
82 127
