226
0 1
2 3
4 5
6 7
8 3
9 10
11 12
13 14
15 16
17 18
15 19
20 21
22 23
24 25
26 27
28 29
30 31
32 33
2 34
29 35
36 37
38 39
15 40
41 13
12 42
43 44
23 12
21 45
46 35
15 23
47 48
49 50
51 52
53 40
54 55
8 56
8 26
26 57
58 59
60 23
61 62
3 63
64 1
49 65
58 66
16 67
20 68
46 69
70 69
48 35
71 59
72 73
27 48
74 75
76 77
77 23
78 56
0 36
17 47
61 57
29 48
79 80
81 55
82 83
66 69
84 85
13 76
53 36
86 54
87 88
77 32
89 90
91 92
63 29
79 60
39 93
60 94
95 76
96 97
98 99
100 79
86 66
17 101
72 102
12 69
47 79
100 21
60 62
103 18
58 1
104 87
105 106
107 84
108 42
0 31
109 110
103 111
105 18
112 113
105 61
112 114
49 57
115 116
117 118
119 31
10 120
121 102
66 54
8 122
123 87
18 75
99 42
124 104
12 118
40 69
125 87
126 127
77 92
128 4
26 128
16 59
21 42
59 50
112 47
21 66
56 100
87 62
41 58
4 129
130 29
67 48
78 74
16 35
48 17
20 31
39 75
131 132
60 44
81 133
134 44
83 16
39 135
59 136
130 57
83 42
129 137
66 86
92 58
21 69
138 37
139 122
77 52
89 140
76 7
21 108
119 141
121 9
130 46
9 50
121 91
29 142
94 58
78 66
121 128
26 34
138 74
143 67
43 15
111 131
4 33
144 4
17 2
145 100
83 60
138 78
97 111
98 20
58 3
146 107
82 81
41 72
91 18
43 104
133 147
51 102
27 36
89 35
80 102
48 76
11 15
148 25
78 44
61 105
149 137
13 63
150 151
77 12
152 35
153 121
150 148
154 34
61 129
103 155
101 72
41 50
127 83
104 114
46 101
156 87
119 126
27 79
20 40
146 108
11 151
157 25
129 98
43 42
55 52
90 60
72 118
75 62
83 33
39 96
41 136
158 159
22 36
97 160
61 120
92 64
98 75
61 161
90 80
29 36
74 33
154 100
69 8
3 79
136 114
95 0
144 162
163 117
58 153
3 8
21 139
79 86
118 139
44 37
79 56
105 50
79 90
74 107
111 96
15 149
83 139
133 104
57 105
164 90
119 165
41 87
79 166
18 155
28 150
0 46
150 166
13 95
139 151
138 83
71 90
67 36
32 6
167 101
36 114
20 50
28 57
26 65
74 168
18 25
137 42
169 146
170 11
32 46
109 52
91 44
100 44
53 126
65 84
171 161
35 72
8 81
28 35
53 35
3 35
79 133
160 39
40 23
29 34
53 100
41 114
79 47
71 9
13 172
79 117
117 126
115 64
79 173
60 112
79 174
11 47
58 57
123 175
176 10
103 87
121 81
126 8
138 174
77 20
21 73
0 77
149 19
41 127
135 87
12 122
155 44
159 84
82 15
67 127
127 16
104 139
83 6
168 120
124 46
67 135
66 99
66 118
43 66
177 158
172 72
28 76
127 136
105 44
53 59
60 9
121 32
123 178
94 26
26 53
18 147
81 19
179 54
30 34
120 44
20 180
177 26
137 102
136 79
136 135
136 72
123 20
98 102
123 137
105 181
16 55
182 44
81 28
89 150
77 62
96 85
69 44
86 69
38 87
66 183
69 86
90 120
162 44
154 16
136 83
46 76
77 102
54 62
146 19
17 0
40 16
29 3
27 184
17 63
117 184
100 145
22 73
59 71
141 103
145 51
42 45
118 86
79 130
118 45
169 55
55 145
60 15
46 22
28 72
29 63
156 10
13 1
150 26
98 50
58 151
136 15
185 10
69 47
53 34
21 99
48 105
86 121
15 33
21 68
186 100
90 50
150 187
21 40
117 109
56 7
69 100
56 146
83 20
0 34
59 83
156 39
151 118
171 19
40 66
32 53
188 39
11 139
152 67
4 86
139 51
42 129
121 10
148 56
87 18
170 62
0 13
28 50
98 84
123 129
66 42
76 47
35 8
32 104
28 58
126 189
66 122
164 59
99 20
82 32
12 33
1 3
89 171
9 84
61 158
63 95
28 136
190 110
15 126
77 31
60 134
71 56
28 75
20 52
150 52
46 83
191 10
81 87
177 55
33 12
13 114
123 139
72 29
130 135
185 44
21 184
22 8
40 86
4 84
0 82
96 43
126 16
126 42
124 13
48 130
22 114
77 67
126 137
57 107
148 139
71 112
50 10
3 36
46 19
141 39
119 52
28 17
149 151
69 42
151 102
56 55
95 28
82 58
142 105
43 151
95 36
42 69
66 126
4 83
150 171
150 56
190 12
81 12
11 169
59 48
32 23
123 7
89 87
81 114
137 12
149 174
98 43
100 87
133 22
56 8
43 180
55 69
80 45
20 163
110 42
123 81
41 108
89 37
55 68
80 98
100 56
21 12
127 22
48 0
54 12
34 2
119 108
87 192
123 44
78 4
1 33
17 95
4 65
81 73
60 58
82 0
57 75
171 25
89 94
38 131
47 110
30 16
69 137
20 151
46 184
126 33
15 60
146 169
190 52
60 71
23 118
93 160
91 69
36 76
21 50
94 136
164 31
69 133
137 110
56 31
89 168
179 146
22 121
58 136
91 25
118 137
151 86
173 121
166 9
169 32
136 91
93 87
92 188
26 1
193 146
148 69
32 82
30 111
15 139
15 118
78 37
86 110
164 137
138 194
138 104
76 83
195 65
83 26
9 112
146 98
21 141
72 69
13 130
69 146
123 98
81 122
36 135
72 66
54 102
11 145
145 69
90 75
196 10
17 58
41 92
56 127
111 18
171 108
89 155
69 68
41 19
179 32
72 101
119 197
74 120
22 72
102 108
86 175
46 3
77 16
105 107
87 198
2 172
63 3
40 33
120 62
184 87
69 75
21 62
81 68
43 129
30 12
79 82
32 15
69 43
137 40
86 12
154 52
72 1
63 65
71 26
26 199
83 162
78 129
58 19
115 36
105 168
136 48
151 175
88 198
63 67
179 16
123 151
145 55
13 0
102 92
79 48
69 129
39 84
82 100
84 37
148 84
47 146
103 200
38 192
145 102
156 44
137 163
100 119
172 57
22 201
117 40
130 58
3 130
3 29
24 62
191 155
95 152
169 19
26 63
8 82
108 151
121 12
30 100
33 55
48 47
139 66
149 15
37 155
190 180
169 10
100 47
98 133
104 163
102 57
40 32
16 78
113 112
87 50
80 121
80 52
161 25
27 32
79 183
21 81
39 57
76 12
77 100
80 90
195 161
32 117
108 86
72 35
60 10
60 121
22 124
21 102
35 19
20 100
79 137
123 10
0 15
51 23
100 80
126 98
104 50
49 10
74 121
16 126
138 55
126 148
57 181
24 44
159 25
93 67
98 149
26 71
48 136
57 10
202 44
136 35
157 44
6 26
139 86
91 137
83 150
32 17
47 108
48 59
69 12
72 20
121 83
8 69
0 52
17 8
3 1
89 79
126 56
12 108
126 20
82 121
80 164
16 124
71 58
42 99
139 31
136 100
64 13
83 35
28 34
123 52
112 60
42 40
48 58
77 136
58 112
141 125
58 150
150 86
172 16
188 87
107 85
47 124
187 150
6 24
6 74
109 126
48 152
171 44
98 129
24 10
133 33
115 13
95 130
32 145
37 10
36 32
46 85
53 10
35 101
0 95
16 92
10 181
63 32
82 8
66 10
40 139
17 34
187 181
77 35
81 20
36 56
146 164
185 90
29 1
100 148
127 26
35 33
83 76
148 122
44 168
67 76
77 104
164 114
113 168
164 23
130 172
40 7
150 134
83 62
78 25
126 124
9 18
117 100
184 181
56 60
16 197
56 40
150 174
187 137
69 203
204 87
18 161
86 174
39 88
9 90
136 186
18 107
136 1
130 56
167 10
139 32
40 133
158 61
76 36
17 79
148 26
170 43
118 20
30 151
164 102
148 99
191 62
69 169
130 34
104 32
81 52
48 13
104 69
136 22
138 62
126 82
89 71
16 0
49 161
58 100
86 108
66 12
137 109
43 96
32 100
134 50
156 125
78 105
41 35
205 120
107 18
59 171
63 182
22 33
138 173
101 62
172 75
30 50
121 80
101 81
11 51
57 50
160 181
42 104
26 153
171 150
170 51
119 75
117 7
82 136
15 127
161 57
21 180
24 173
46 66
75 120
145 99
121 151
150 15
194 75
94 121
69 104
42 51
79 51
146 56
42 122
190 25
190 62
86 33
171 181
136 30
39 92
142 76
139 178
130 92
137 69
127 13
141 206
111 44
172 115
86 183
4 189
148 124
81 86
188 192
177 79
27 176
127 130
56 66
9 25
110 15
148 201
9 89
83 47
148 178
92 16
79 75
103 50
40 37
149 52
59 22
69 139
133 12
207 87
24 33
145 7
34 29
150 80
179 137
39 22
143 58
71 50
39 35
117 62
69 19
86 149
69 114
64 76
56 59
171 60
137 52
150 60
69 48
36 16
84 25
44 84
51 129
41 48
78 168
32 34
94 191
103 39
92 47
56 78
15 44
46 107
56 63
22 15
76 127
148 181
26 0
15 146
18 10
81 174
136 201
46 56
148 107
48 112
28 33
104 12
102 32
86 4
184 92
154 36
164 118
91 84
79 58
22 92
41 33
173 78
32 114
37 57
34 79
156 201
58 16
41 181
183 129
83 124
86 20
43 40
146 25
9 71
91 66
37 18
89 60
84 65
15 12
83 79
72 54
79 25
208 209
163 19
64 37
91 50
30 26
82 108
3 69
59 62
98 104
145 163
12 129
60 7
210 25
39 37
160 201
166 59
144 128
8 53
46 37
136 33
125 62
137 45
67 72
137 117
23 104
23 52
89 105
171 48
190 32
98 122
108 100
89 181
149 20
177 6
134 60
190 68
112 153
72 63
22 19
11 20
121 153
172 92
92 154
96 107
53 152
63 35
22 42
26 8
63 8
148 33
43 123
60 89
71 181
191 112
77 7
11 32
190 69
20 117
102 137
185 121
94 89
67 63
98 110
153 79
119 111
80 178
149 68
194 44
29 46
210 87
121 194
35 28
83 59
164 66
194 10
148 127
22 126
72 32
76 2
132 87
72 0
89 75
148 108
0 48
11 117
123 33
21 181
59 134
153 6
105 25
39 44
187 62
172 3
77 150
108 163
107 57
72 22
176 13
34 36
80 112
32 43
55 110
83 138
53 58
149 98
137 104
6 32
171 166
6 10
117 25
148 83
76 115
15 59
30 104
15 68
162 6
4 34
107 161
22 113
98 91
59 121
26 9
55 87
98 45
22 136
145 137
28 82
123 114
130 127
16 149
21 117
89 112
121 22
206 160
148 117
22 169
80 108
51 110
162 10
35 16
30 150
124 150
152 112
26 173
11 23
169 180
74 173
34 136
53 7
171 50
17 114
43 25
148 59
108 171
119 117
176 62
58 41
210 50
191 59
169 109
148 100
90 161
136 89
121 5
138 12
107 65
117 57
128 177
190 19
105 161
86 68
202 26
166 171
146 124
47 187
80 118
70 184
171 79
154 35
172 29
164 45
172 136
45 137
83 189
150 82
171 89
77 137
22 53
77 15
164 98
66 23
26 208
182 63
69 110
65 57
113 104
96 62
160 206
83 74
1 135
27 8
74 177
26 211
9 58
80 44
137 15
121 55
92 184
69 184
149 71
77 107
206 97
134 150
179 116
46 0
112 150
153 136
81 110
56 90
126 122
22 56
150 17
72 145
169 51
77 180
187 10
67 93
83 137
130 8
79 35
41 130
40 52
26 141
77 145
134 66
177 194
148 145
112 53
173 25
32 69
35 56
194 181
127 56
173 194
16 91
108 102
128 78
83 7
206 87
79 92
204 155
110 7
43 11
58 90
192 25
168 37
86 137
126 40
148 52
185 79
63 36
126 110
32 42
83 127
45 139
16 121
43 57
46 95
129 151
15 57
99 145
20 114
131 39
139 45
79 181
21 121
79 22
79 124
69 99
22 28
23 7
48 41
124 8
207 198
41 37
94 59
11 22
56 42
64 92
6 4
95 48
90 71
164 175
83 90
176 76
8 114
148 16
138 68
11 70
69 163
79 32
16 31
188 67
10 50
134 112
148 137
9 62
47 56
79 68
32 48
108 66
117 211
136 153
76 79
70 155
56 69
108 33
30 7
90 9
56 108
94 171
148 82
73 75
43 62
136 3
83 117
77 129
64 57
148 175
2 26
54 129
43 31
134 56
78 212
39 87
28 130
172 64
115 0
59 153
70 174
84 44
102 109
12 7
56 174
103 105
212 78
22 62
107 44
60 120
91 57
158 74
29 16
190 33
110 145
39 140
121 173
146 44
172 95
150 62
20 81
164 121
162 177
136 52
22 152
159 44
198 87
126 163
58 67
98 109
41 7
34 62
145 118
81 100
88 87
138 151
27 3
15 80
30 121
129 7
107 181
169 20
164 122
98 178
80 94
69 174
100 143
69 183
137 118
46 9
128 194
148 66
83 82
69 181
86 55
29 79
60 50
170 197
30 124
46 10
55 129
213 214
2 67
172 130
95 58
99 108
86 45
121 16
80 50
164 79
179 171
64 34
90 83
36 1
41 152
56 94
46 127
117 51
36 44
112 136
79 2
70 33
162 128
53 76
190 98
42 110
164 178
107 37
78 62
74 194
85 107
72 28
36 35
59 148
121 6
134 25
137 108
58 83
26 37
16 127
56 84
151 45
28 3
20 98
155 62
55 33
73 145
13 29
69 57
101 13
79 44
78 194
55 32
86 44
82 33
47 150
177 78
47 77
148 60
136 53
90 153
58 56
63 46
66 117
148 104
112 80
0 18
46 199
74 162
74 158
64 168
130 3
9 37
21 56
103 57
80 114
138 108
173 10
177 144
56 44
79 5
139 114
41 36
148 155
58 60
86 7
40 174
21 16
191 201
26 29
43 122
69 109
64 44
92 35
88 168
83 56
123 102
30 59
9 168
148 105
150 137
22 129
142 152
36 140
21 28
56 102
0 130
12 110
0 84
3 16
110 12
42 20
134 9
81 137
79 100
121 33
187 7
110 102
57 44
26 82
65 37
66 52
79 112
78 19
36 29
55 86
136 98
117 18
126 32
9 26
89 9
39 188
83 85
13 136
129 42
77 1
4 62
139 104
149 42
54 137
148 57
55 12
134 90
89 120
135 38
83 104
122 87
121 59
28 53
43 12
165 10
77 55
69 102
45 54
148 12
29 26
66 7
56 124
204 107
41 63
53 44
207 165
33 35
215 44
210 65
94 166
15 124
117 68
139 69
0 63
202 168
137 86
111 198
21 126
123 118
56 99
40 114
77 152
74 87
79 31
136 63
96 87
65 107
54 23
60 48
149 129
43 87
194 74
43 22
146 65
83 107
15 55
82 126
98 66
32 10
64 35
69 32
4 74
34 84
152 62
142 29
79 66
83 69
79 42
16 36
123 180
137 66
77 122
36 65
4 173
30 13
95 17
35 67
92 36
115 63
53 32
22 135
179 100
53 0
136 172
27 28
30 130
97 206
77 40
123 179
69 66
148 184
123 73
137 174
150 191
79 139
126 86
54 45
193 100
156 97
30 105
77 126
82 98
51 12
9 105
126 139
104 19
121 212
213 92
53 150
46 63
21 145
56 32
90 37
58 8
13 36
99 31
151 66
8 136
60 80
150 100
108 145
77 13
83 118
203 19
164 80
145 104
169 40
188 92
111 62
16 34
77 130
145 42
148 81
22 76
38 111
23 19
83 8
0 26
95 63
102 45
32 31
66 62
136 59
79 102
190 55
165 155
20 122
28 83
41 150
71 44
52 184
86 145
79 26
148 40
15 104
77 135
141 216
28 189
179 22
30 127
77 118
164 109
36 130
28 95
41 104
56 104
95 172
150 136
152 114
118 180
192 92
26 79
71 79
198 207
69 31
102 122
32 129
26 94
83 19
66 33
86 51
34 46
186 136
56 51
83 163
145 10
56 122
6 121
81 139
86 117
100 53
148 170
151 129
171 62
53 15
164 145
217 79
102 183
32 108
67 35
1 16
148 62
15 145
118 42
166 60
58 48
43 7
78 173
45 20
145 33
76 34
0 76
42 66
53 22
20 118
40 137
74 129
89 107
6 158
36 28
210 44
127 35
100 117
123 79
151 145
52 114
77 163
136 77
1 130
16 86
70 126
41 44
69 91
8 35
89 59
58 34
148 30
0 92
15 50
143 108
11 42
2 22
143 8
98 137
1 72
141 93
16 63
28 1
54 20
69 79
137 139
12 151
13 48
112 164
83 4
66 81
42 54
84 107
91 161
216 120
47 117
148 44
184 114
77 108
123 12
58 104
104 44
138 66
54 42
29 92
173 37
70 68
121 139
130 218
16 47
26 120
161 37
136 171
83 121
115 29
26 171
148 50
169 192
22 86
173 168
47 136
69 120
219 44
131 198
129 52
190 108
96 111
126 129
56 91
46 2
145 86
86 42
36 165
26 127
90 68
22 176
17 32
58 35
164 108
138 126
211 67
129 55
152 22
66 78
54 163
15 82
148 120
145 20
108 184
79 126
49 25
22 109
16 32
81 32
121 21
64 79
66 75
131 200
103 19
77 19
79 209
30 92
206 156
49 155
39 156
35 48
39 120
108 54
16 58
164 9
123 184
192 62
142 50
102 98
148 20
79 12
41 18
187 47
46 29
13 126
69 50
23 129
120 168
124 32
13 35
69 21
146 85
100 82
0 129
90 58
65 18
22 102
59 53
100 193
60 26
15 69
17 92
94 60
83 32
46 60
179 47
21 20
102 163
137 55
20 55
63 1
90 79
30 83
46 197
98 51
100 184
23 145
81 129
161 65
81 40
26 136
142 3
30 45
41 57
136 13
63 37
148 118
74 62
123 203
72 13
142 120
91 37
32 151
102 151
192 44
79 110
51 31
169 220
190 199
58 121
124 79
102 66
83 24
136 34
84 18
56 71
190 20
41 47
108 7
91 75
123 68
150 33
49 75
60 185
108 22
80 184
98 146
100 70
66 137
86 178
142 62
158 44
77 83
149 99
43 108
164 129
60 75
4 78
59 47
138 6
138 33
121 45
132 201
161 19
121 94
202 75
86 118
137 87
23 122
146 43
150 48
53 43
21 44
71 136
183 31
139 129
22 58
47 94
12 100
2 63
169 75
141 192
48 46
195 57
166 83
179 30
172 127
59 80
35 92
81 7
22 145
66 20
74 128
39 125
21 201
81 102
46 53
22 122
90 59
130 67
77 81
132 135
83 86
56 28
12 86
102 133
98 175
150 90
26 92
66 40
21 7
3 26
121 108
171 57
28 92
139 99
56 98
39 62
43 139
4 79
172 120
107 19
119 88
20 66
80 12
28 133
56 19
85 161
81 44
48 32
26 201
103 44
40 15
64 72
6 44
197 79
166 79
63 72
53 98
146 179
105 19
42 145
166 136
136 113
37 168
136 101
69 51
47 7
71 134
127 135
79 163
100 103
72 137
28 87
76 172
126 47
85 65
17 94
48 22
54 31
124 28
79 211
37 65
79 134
44 62
138 7
192 87
36 92
137 54
30 108
83 13
46 135
95 29
123 121
43 184
92 48
74 189
148 180
35 36
148 55
54 66
58 46
29 108
119 50
56 83
202 10
121 171
69 118
170 87
36 95
98 52
48 92
46 75
15 52
99 62
79 76
148 86
71 25
110 20
21 129
148 45
77 178
190 84
20 23
123 122
123 51
169 68
56 23
150 89
90 84
51 145
119 163
65 25
112 48
194 25
129 61
152 1
69 155
207 25
56 3
145 52
26 121
128 74
18 19
123 40
3 46
69 20
82 75
39 85
60 164
207 155
89 26
141 201
148 15
123 99
127 63
72 178
80 79
58 15
136 17
128 162
76 67
34 64
78 52
110 23
69 175
148 174
81 183
83 22
77 8
21 32
91 45
26 7
182 29
145 184
12 68
32 127
48 172
24 221
32 58
27 136
32 130
26 60
29 21
46 105
124 22
177 173
46 114
48 135
18 62
153 107
59 150
55 114
157 221
58 36
46 16
72 46
192 155
39 38
151 31
22 46
181 10
128 33
98 54
150 44
162 194
15 151
86 19
65 161
22 151
222 208
71 37
32 184
79 108
82 181
139 102
1 84
171 71
145 32
148 121
121 26
138 189
169 33
72 183
79 122
102 12
32 35
194 162
81 108
123 150
28 7
123 149
24 83
59 94
74 19
17 29
161 85
105 57
13 92
30 179
26 78
15 117
55 20
69 52
171 134
34 37
112 17
102 180
133 40
102 7
86 81
69 87
53 127
28 127
129 66
77 21
100 186
126 30
112 191
112 89
136 130
34 58
0 81
42 52
81 42
16 1
149 69
90 134
15 189
117 44
121 62
91 106
20 7
151 180
76 8
26 24
98 7
16 33
79 109
79 20
123 66
69 170
133 55
130 16
150 153
3 114
47 32
136 32
66 98
158 121
55 51
46 221
41 11
131 87
54 50
112 79
36 154
165 39
22 98
143 19
42 86
78 24
11 81
98 190
79 29
113 94
102 20
77 112
93 141
79 10
138 199
81 180
160 25
26 62
81 23
15 56
39 204
79 71
69 107
79 69
38 50
124 58
82 201
56 110
204 62
79 149
98 168
90 32
67 92
3 83
33 74
22 69
219 155
136 11
104 52
36 188
164 180
157 168
121 144
17 16
121 181
20 42
117 37
26 4
61 44
28 52
159 158
144 194
108 45
195 37
145 50
148 149
17 41
85 84
102 42
81 117
121 58
47 60
150 149
124 26
121 89
94 9
0 115
90 171
204 48
23 20
36 136
63 25
157 37
16 83
209 147
124 33
51 54
81 145
59 92
71 60
6 78
172 48
1 75
6 79
197 0
190 91
63 34
79 1
98 42
171 120
217 26
116 84
121 60
41 67
148 141
117 50
121 126
95 3
9 164
22 133
8 63
84 57
85 18
146 155
43 124
51 114
30 58
112 56
56 35
48 29
86 52
117 104
42 102
166 94
16 146
195 84
80 60
42 7
26 47
4 121
58 32
16 19
107 10
47 126
119 38
17 36
77 45
134 7
123 69
113 62
56 10
45 42
89 221
47 59
154 92
76 53
102 33
108 129
46 168
91 105
121 42
46 55
38 165
100 12
12 20
6 34
1 50
16 98
15 45
74 5
138 19
28 48
46 65
136 92
123 42
80 59
21 33
209 208
135 48
137 33
8 48
98 33
165 111
103 75
82 42
2 76
176 115
43 52
150 32
81 175
179 51
53 28
139 81
108 118
46 223
12 66
20 99
3 2
0 133
57 62
55 104
39 131
72 33
102 40
160 141
4 144
30 42
17 59
182 14
107 105
116 108
6 35
32 16
86 122
53 117
66 31
4 44
108 146
28 13
150 121
89 56
117 12
142 64
27 22
2 130
36 172
99 151
76 3
34 32
149 139
26 83
20 137
34 65
71 150
121 90
28 26
187 75
21 58
2 35
170 148
138 45
100 32
92 136
146 69
15 83
79 145
69 15
150 164
28 135
58 220
42 139
16 46
26 217
83 65
211 26
90 94
56 178
70 19
94 90
71 18
105 62
172 13
130 136
110 21
81 56
152 48
54 145
90 62
169 122
42 32
67 44
37 120
73 87
82 12
213 13
53 19
123 32
15 35
9 134
22 120
109 189
17 48
95 67
149 104
30 33
40 56
77 28
18 44
0 8
187 104
107 74
17 127
47 16
105 37
184 0
69 62
94 62
169 52
27 13
82 139
86 104
145 139
148 114
169 189
137 151
156 111
9 121
69 55
26 6
21 31
117 129
41 55
171 18
40 45
139 52
61 65
9 80
24 121
177 5
123 110
127 92
158 194
77 184
150 7
83 34
90 44
21 51
15 42
124 114
9 60
82 59
21 23
89 174
35 3
80 9
113 53
17 152
26 61
108 99
53 87
47 68
112 94
173 74
16 150
0 54
22 178
160 44
22 66
41 10
99 118
96 192
82 184
8 76
122 50
112 90
154 114
39 97
51 45
18 87
136 82
79 142
79 107
39 200
61 183
26 154
64 208
137 98
0 29
32 81
69 149
126 23
60 150
58 105
72 67
45 102
58 53
71 62
18 181
121 79
123 109
64 142
21 100
48 8
17 35
15 114
141 160
170 44
32 92
177 83
162 4
67 13
121 31
39 198
139 110
130 76
37 161
36 58
110 86
59 16
162 74
71 171
79 185
77 151
72 64
32 139
26 59
128 158
26 105
59 60
59 15
150 55
46 26
117 87
171 121
223 120
59 166
32 20
119 37
177 128
67 19
148 0
34 35
6 138
13 3
141 96
170 69
21 149
157 10
98 151
15 136
54 108
89 201
53 47
81 104
195 181
39 50
1 19
78 60
98 62
123 163
162 57
136 28
117 189
145 43
194 158
110 139
117 55
22 35
60 171
82 189
54 122
110 174
69 194
78 138
0 135
1 61
110 47
12 137
30 57
121 56
1 63
136 26
79 63
136 152
15 109
46 58
110 122
92 102
124 56
153 90
12 117
138 26
36 0
95 13
79 150
54 86
137 32
162 18
15 100
1 120
188 36
207 50
15 174
73 21
20 69
43 117
165 50
92 32
9 79
80 76
115 172
177 74
51 108
112 92
123 90
148 58
43 100
177 4
107 62
136 71
141 119
127 18
41 135
82 151
34 16
150 123
15 150
80 163
79 28
29 172
119 33
41 1
92 13
112 171
58 208
26 144
96 57
90 112
65 61
82 69
58 64
148 151
6 144
79 147
82 133
44 120
103 141
191 75
81 99
130 35
137 129
145 19
148 126
32 36
15 86
111 38
169 118
112 62
41 101
91 16
111 97
29 95
164 20
208 222
145 151
79 36
169 104
88 38
66 129
22 45
160 67
204 181
54 118
36 218
96 38
58 107
121 107
69 151
138 201
8 46
20 129
169 163
150 124
39 154
56 15
148 78
39 141
164 112
112 26
177 181
98 23
139 145
164 149
89 136
102 129
79 17
79 118
194 62
26 10
136 148
148 98
83 58
51 86
0 184
152 8
12 189
148 61
123 21
107 25
33 19
20 139
79 3
77 98
119 93
1 36
16 29
94 17
15 66
142 63
61 37
32 56
139 108
56 145
138 69
82 52
51 151
110 137
47 35
34 76
46 48
79 34
13 127
137 7
6 37
154 27
150 77
42 149
22 108
47 12
20 32
144 74
86 62
66 102
89 149
4 6
112 9
77 58
81 109
158 173
207 111
2 92
76 92
112 134
189 33
64 10
79 152
47 69
215 120
34 129
148 43
16 26
210 10
79 121
24 194
16 174
146 193
9 94
158 62
80 107
77 139
137 44
130 48
145 114
134 71
121 50
110 22
112 71
2 36
59 124
150 41
136 67
79 141
161 84
47 100
141 135
86 32
169 87
98 32
148 136
148 18
83 161
162 83
53 197
119 216
28 62
59 89
47 149
105 65
98 73
79 4
40 98
150 10
70 117
20 145
126 104
9 166
56 151
13 115
138 4
130 36
123 86
53 8
177 10
148 85
60 25
173 6
32 83
150 112
145 81
119 96
32 22
56 118
18 120
82 26
24 199
137 175
74 144
67 1
79 95
90 123
20 178
126 22
117 33
69 122
12 102
202 79
150 30
12 55
1 87
144 121
46 62
118 52
146 180
79 57
98 174
184 36
94 134
24 138
115 176
48 204
56 0
100 179
32 63
39 111
214 224
6 162
103 147
169 50
69 3
21 98
28 32
90 150
16 129
210 33
8 7
47 76
54 75
88 111
117 114
80 33
178 69
117 107
4 24
76 64
115 76
56 58
30 60
46 161
99 137
4 126
148 161
134 10
49 44
89 161
9 155
137 23
46 136
91 68
29 76
80 10
162 78
56 79
22 16
89 121
83 78
60 31
98 86
148 36
46 36
30 76
171 59
127 67
93 39
130 19
194 121
86 98
149 57
30 62
137 31
36 46
21 151
123 145
60 194
34 63
35 53
80 180
145 23
118 69
131 38
58 124
123 43
109 137
69 145
0 47
0 35
127 58
95 142
54 139
2 1
89 62
89 25
4 45
58 22
161 107
49 85
55 155
36 101
137 127
22 21
29 13
81 8
74 50
36 13
121 150
123 104
79 189
190 175
137 8
117 163
69 40
36 67
145 122
83 50
56 12
190 31
77 0
187 33
72 23
37 44
81 69
32 12
4 87
15 58
156 120
58 92
151 108
86 91
79 136
133 181
116 40
150 58
12 109
78 155
137 16
144 177
100 151
83 136
182 7
20 110
32 136
58 9
26 166
28 22
84 161
12 23
136 112
154 12
89 44
190 75
93 165
1 44
77 42
12 180
164 60
164 69
182 201
26 133
87 111
35 76
63 26
173 62
160 156
69 201
88 207
173 138
122 18
82 107
16 15
156 160
20 184
48 39
213 224
113 120
76 72
10 37
93 97
30 35
81 118
143 127
58 130
72 172
46 17
41 17
15 91
39 48
120 10
28 221
2 13
0 16
100 136
96 119
190 174
16 104
195 44
36 79
127 8
15 184
117 105
86 139
90 155
79 123
161 10
47 112
41 0
27 34
86 120
138 31
15 110
66 139
9 150
74 155
98 145
153 150
64 182
172 67
21 25
108 12
59 56
137 61
42 108
46 52
94 80
159 201
4 128
127 36
43 170
58 95
129 33
104 15
59 9
129 54
151 52
173 26
71 201
90 164
57 161
119 201
58 120
69 81
127 34
61 18
190 122
148 7
98 40
79 197
0 72
102 184
96 65
66 114
81 45
91 118
96 39
112 152
194 6
90 121
150 66
69 189
119 10
74 10
56 53
90 18
97 156
160 93
172 182
32 45
39 155
45 98
72 81
161 105
24 50
22 150
127 32
28 124
80 150
148 35
148 10
45 62
28 79
96 10
11 66
79 178
145 31
206 111
173 24
34 26
46 153
53 155
83 177
87 75
9 57
58 47
8 36
17 46
130 32
41 34
165 207
115 95
88 165
36 184
23 66
173 158
171 9
6 194
95 79
21 75
209 222
72 45
136 94
191 150
138 20
148 42
74 52
44 10
58 114
55 180
121 158
148 8
28 36
46 8
43 53
26 124
28 46
137 126
76 48
79 153
119 105
79 217
156 62
79 37
87 44
28 10
50 62
184 100
24 201
30 1
11 86
92 1
66 180
76 137
145 129
225 222
15 123
34 4
96 105
79 180
98 180
16 8
136 150
136 2
54 155
148 37
35 34
22 75
119 120
15 7
1 92
164 86
21 122
98 183
130 101
23 33
138 107
12 145
53 17
58 127
26 147
16 147
121 53
69 16
108 21
9 59
168 44
112 59
190 118
15 20
77 155
177 162
12 19
12 45
15 180
117 34
150 179
91 201
115 182
102 81
21 137
82 124
85 105
171 155
110 69
30 36
47 53
37 105
100 146
164 110
116 37
36 8
66 151
100 118
28 81
58 94
66 19
15 61
28 181
46 152
71 127
144 33
43 102
216 19
76 35
30 182
26 181
0 41
148 19
46 91
195 155
22 91
59 26
39 206
151 42
92 67
18 84
22 81
177 138
173 177
159 120
71 10
158 4
136 115
26 58
40 55
185 120
86 180
83 3
198 88
98 69
13 2
32 52
42 151
6 83
60 59
118 151
17 53
148 65
164 12
24 6
131 88
134 89
24 37
8 137
56 112
91 168
22 32
32 102
149 150
145 110
35 127
171 94
9 120
169 69
179 139
26 202
94 47
86 23
45 145
17 150
102 31
91 46
65 85
69 180
111 192
40 20
23 137
26 2
67 84
94 10
90 65
121 4
59 82
89 134
90 185
36 2
51 19
113 10
147 208
123 108
23 151
67 62
28 56
204 44
184 35
126 7
150 47
29 72
90 26
43 146
171 87
69 10
150 59
170 50
141 26
164 163
47 92
177 189
22 34
219 62
79 221
111 119
124 53
22 40
21 189
32 124
82 20
169 114
80 62
59 30
39 132
148 28
77 76
83 55
8 127
59 79
136 76
26 194
148 23
79 27
79 59
47 41
164 107
72 184
188 1
150 69
81 66
80 20
40 126
60 87
36 10
23 98
121 137
18 65
47 55
172 62
152 220
117 19
204 10
177 24
95 35
152 58
6 82
152 13
2 101
71 155
22 127
1 127
35 63
127 1
86 109
56 89
9 44
30 136
35 0
111 88
69 7
136 16
119 107
121 99
164 146
43 0
121 7
33 133
121 138
83 15
43 145
100 20
93 111
95 92
58 79
76 13
27 154
136 18
150 83
36 48
171 10
104 55
37 85
176 22
46 32
94 113
4 177
66 108
37 107
194 78
33 184
63 142
91 12
47 174
99 44
124 146
192 221
54 7
99 139
46 147
124 15
63 172
190 168
30 126
130 63
138 121
53 113
98 21
108 104
22 20
82 11
28 114
121 24
79 222
70 180
121 162
22 7
10 62
86 114
47 58
67 136
179 21
139 21
82 57
15 133
22 82
74 6
90 10
21 87
77 117
100 30
190 107
110 45
77 47
53 94
184 25
117 137
157 158
53 136
77 149
91 55
22 83
111 207
102 69
29 17
26 56
139 180
190 66
142 95
15 107
137 122
45 129
13 12
37 181
98 19
48 95
35 1
69 56
82 7
2 29
35 83
48 79
0 58
59 164
71 121
43 171
100 108
162 50
35 135
94 53
24 107
79 177
56 45
171 26
190 102
169 137
82 127
23 139
4 194
98 68
158 157
172 63
156 65
150 53
46 124
125 106
27 1
93 62
32 21
139 118
121 134
11 98
179 43
117 52
100 42
165 85
77 109
6 173
60 45
137 20
69 117
102 23
204 50
53 46
32 28
0 154
207 44
21 107
108 52
121 25
56 33
69 108
148 168
35 130
150 71
169 23
66 55
170 181
146 16
136 43
123 45
210 201
130 1
32 47
169 99
56 82
134 79
105 84
79 89
78 161
79 72
171 75
164 51
89 50
76 19
90 56
21 155
129 78
43 174
8 16
20 73
63 13
89 164
56 117
119 100
20 102
91 155
146 123
36 107
126 118
30 28
69 33
12 163
121 177
42 137
58 176
79 202
92 41
108 69
134 59
100 154
56 137
138 50
16 151
56 21
222 209
79 9
58 17
148 34
79 171
91 104
148 110
195 201
142 161
57 65
166 56
58 135
49 120
121 82
59 58
21 104
76 130
21 178
91 181
169 7
124 47
173 79
164 55
27 72
8 10
99 12
58 26
216 111
179 12
20 33
171 37
17 82
148 91
60 90
120 221
132 44
8 124
74 161
79 115
16 13
16 7
98 12
26 177
77 3
157 120
121 20
194 4
112 77
42 118
109 201
63 127
53 56
136 40
60 69
60 32
30 82
127 3
15 155
59 17
79 40
83 10
107 120
82 104
94 79
115 14
35 15
130 114
184 52
80 69
86 21
43 192
59 112
15 51
124 126
15 62
172 36
55 42
126 0
90 89
26 89
121 123
91 114
46 72
146 100
26 90
205 65
77 36
53 62
23 175
47 11
138 118
74 4
177 69
192 75
46 34
151 12
76 29
22 0
81 21
60 47
66 145
8 58
66 178
145 108
79 33
28 161
185 62
46 50
134 18
34 83
113 33
29 114
184 37
26 161
134 94
132 39
12 31
56 121
103 25
192 120
169 117
39 119
46 57
16 57
2 8
219 37
81 31
177 121
130 95
3 34
16 56
29 7
59 191
98 31
81 151
40 42
38 135
56 134
179 150
82 56
40 104
13 67
15 175
22 130
86 129
121 129
145 98
121 23
66 32
184 107
79 161
207 88
94 56
145 45
69 98
126 15
145 12
49 62
30 56
35 26
133 222
130 0
6 181
191 120
161 18
77 114
35 13
82 129
137 145
148 87
0 3
158 150
139 183
139 23
30 87
131 103
24 7
71 89
95 72
21 174
97 87
171 90
3 58
81 98
69 197
16 22
117 32
12 175
153 59
36 84
149 89
170 57
131 111
0 67
185 60
130 13
21 52
1 136
56 36
99 107
127 46
103 10
15 98
80 175
46 79
79 83
169 106
148 32
38 93
63 79
92 29
130 28
17 13
76 135
190 151
26 148
191 168
111 165
79 129
23 102
43 98
66 51
72 182
156 75
187 50
39 165
77 127
69 178
79 151
76 1
77 110
26 33
48 26
164 68
26 112
148 150
12 114
55 118
94 150
21 86
126 83
46 25
153 35
39 10
43 75
93 38
53 124
111 87
43 32
4 158
54 151
21 10
162 62
121 44
147 222
21 29
82 86
22 59
83 84
135 67
12 52
148 129
20 12
83 126
20 45
124 59
32 98
48 150
55 7
136 58
16 130
102 118
151 23
138 137
8 66
162 107
32 133
79 98
80 75
21 55
143 35
193 187
108 137
21 109
11 102
56 81
210 107
172 76
34 8
119 25
32 174
56 26
13 72
195 85
24 4
57 87
39 103
117 155
136 0
121 71
56 150
172 35
36 27
191 44
150 28
83 194
53 26
114 184
22 118
148 21
153 18
148 109
22 12
101 84
103 107
46 134
79 94
6 177
41 52
143 16
79 64
16 79
15 53
147 209
74 83
98 108
112 58
92 27
141 165
49 87
8 32
26 150
28 121
18 37
177 33
149 32
134 136
44 155
130 22
111 93
120 18
148 31
17 112
46 1
69 54
216 62
182 64
32 86
37 84
151 139
51 66
96 93
172 1
44 25
69 23
3 136
164 75
48 67
38 97
138 24
99 86
46 130
86 151
138 162
56 139
123 55
38 96
15 10
165 87
204 19
205 75
36 34
86 31
191 94
26 16
35 192
60 78
54 178
118 23
47 0
32 55
166 26
26 3
8 92
136 46
32 8
30 32
15 99
56 129
166 150
54 61
136 105
36 3
162 121
136 134
149 51
124 133
142 79
83 21
117 43
64 161
95 34
6 25
152 130
26 46
102 52
150 16
29 130
76 95
15 32
32 66
129 19
49 107
48 28
26 138
171 52
32 149
80 55
67 25
124 16
111 135
108 55
83 28
56 47
36 127
46 84
104 10
41 8
74 78
184 33
58 221
56 126
21 118
76 136
182 10
91 33
79 46
136 124
27 92
177 20
164 33
74 44
121 74
10 107
95 114
122 81
149 31
0 28
118 81
60 56
121 78
117 175
8 130
22 107
27 16
69 190
53 16
47 179
58 28
82 174
22 55
150 94
105 10
138 25
126 151
39 192
64 120
94 164
149 7
143 100
56 22
100 150
45 91
91 107
123 174
94 48
43 91
142 44
36 57
34 22
151 32
60 83
165 38
40 136
79 45
17 28
130 79
35 32
152 136
53 137
139 174
6 153
135 41
66 61
28 8
148 192
29 182
22 79
164 150
78 121
96 84
102 107
8 99
211 8
21 163
98 139
28 152
143 92
123 28
141 21
79 13
171 107
136 27
82 22
108 180
95 182
121 164
56 86
117 174
91 148
15 122
171 199
16 136
26 25
66 110
26 100
16 72
113 69
118 7
58 71
18 61
136 41
95 46
24 78
102 139
171 168
26 32
15 108
79 7
195 107
88 97
137 62
146 47
64 3
42 31
18 85
39 160
121 86
45 12
0 22
22 26
79 201
136 122
108 20
47 83
98 184
60 107
26 35
94 112
136 184
22 3
207 84
184 72
103 181
36 26
152 19
23 42
124 83
27 26
71 94
77 66
179 123
22 139
84 105
77 174
76 46
4 162
9 181
44 78
46 67
182 37
49 37
81 120
70 99
139 12
105 155
151 81
8 83
79 104
165 93
48 36
33 32
59 35
159 37
83 45
141 200
77 69
116 127
21 120
141 207
82 114
207 18
104 42
168 10
91 120
46 28
23 31
150 42
47 114
72 76
216 50
35 29
102 145
83 173
30 66
69 45
83 120
21 110
0 143
104 133
65 105
137 50
108 31
71 120
130 83
102 19
55 117
77 86
123 31
169 62
166 62
102 86
23 32
138 32
86 102
60 148
17 136
89 10
150 9
94 71
47 26
30 22
117 69
37 62
32 168
20 86
36 63
139 42
79 208
83 129
133 114
26 48
87 10
15 43
8 34
136 8
47 17
37 25
34 127
10 44
100 58
0 152
136 47
58 21
42 12
126 31
22 137
142 35
56 20
103 62
82 6
17 22
1 35
12 104
115 136
66 91
0 114
100 43
136 204
4 32
190 65
115 72
98 118
81 178
173 44
79 23
76 28
127 76
136 166
47 33
13 83
80 15
44 18
138 129
51 139
15 129
34 3
138 40
4 57
29 137
15 31
98 114
16 118
124 136
60 79
90 85
80 31
151 122
104 117
154 26
150 22
86 99
4 138
0 197
105 85
17 130
53 121
15 121
91 10
119 39
22 110
210 181
108 139
73 122
56 62
146 37
22 48
69 73
54 52
44 57
12 139
22 31
153 26
150 158
58 82
202 65
210 62
82 150
32 150
81 33
79 127
82 137
152 3
66 45
208 147
32 26
138 122
136 127
138 10
114 52
17 76
98 55
79 8
36 18
139 20
157 62
6 33
82 79
1 37
123 15
70 100
129 139
30 194
15 22
9 171
51 42
57 85
1 13
100 57
91 40
145 175
27 35
167 62
91 129
79 16
1 67
117 178
26 22
69 204
96 161
104 181
133 139
58 37
22 2
83 5
151 20
16 137
123 23
26 36
48 60
99 129
91 62
137 68
146 15
123 146
134 171
102 104
171 112
12 32
6 128
136 36
138 44
59 90
90 57
35 58
100 77
99 23
56 16
148 102
15 137
35 201
100 15
