183
0 1
2 3
4 5
6 7
8 9
10 11
12 13
14 9
15 16
17 18
19 20
21 22
23 24
18 25
26 27
25 28
29 30
31 32
33 28
34 35
36 37
38 39
40 1
41 42
23 43
44 45
46 45
47 26
48 49
0 50
21 51
52 12
53 54
12 55
17 56
57 50
58 26
7 54
59 60
0 39
61 60
40 43
37 62
63 64
65 66
31 64
62 67
68 69
36 57
70 71
12 72
73 74
75 76
32 77
78 79
80 6
81 50
82 5
83 64
84 85
25 86
82 8
87 24
88 89
84 90
34 31
91 88
4 39
92 37
46 93
19 82
29 38
81 75
94 10
95 0
30 70
96 81
9 97
62 98
66 26
93 45
38 36
99 27
75 14
0 58
24 60
18 84
45 26
98 100
0 43
101 16
24 94
51 62
37 94
24 14
56 13
0 82
46 48
34 53
6 102
103 29
92 104
65 14
41 105
49 98
9 100
36 106
107 62
108 33
61 7
58 5
31 8
48 16
23 60
0 109
110 58
16 35
81 37
2 81
0 30
111 112
5 113
111 57
114 115
116 62
19 38
48 94
9 92
93 117
106 75
29 118
1 119
34 94
74 120
53 71
47 3
89 121
0 21
26 117
122 69
100 123
124 97
46 94
14 112
74 73
107 8
64 96
51 35
7 14
125 126
106 24
43 57
13 114
127 28
50 68
57 16
128 35
84 115
75 79
53 32
53 42
22 110
20 1
129 47
93 94
40 63
16 50
35 95
121 37
79 81
5 93
96 130
28 56
95 23
70 60
43 31
16 106
34 131
69 74
69 132
115 72
43 27
121 133
89 134
67 135
95 10
72 60
116 98
56 37
25 72
4 97
77 82
34 4
136 107
34 16
46 88
44 39
98 137
127 12
135 97
12 138
75 49
28 18
37 60
39 44
43 66
43 23
58 54
69 97
139 101
95 9
58 1
107 95
43 35
70 30
106 113
92 3
114 140
82 23
25 127
73 18
118 141
142 14
139 44
69 14
128 50
143 114
19 57
69 89
127 56
144 119
37 7
77 9
103 102
97 42
95 29
145 36
49 114
109 0
106 35
127 70
63 117
5 118
24 101
137 60
51 146
84 108
23 54
47 23
35 146
34 24
75 69
77 8
41 3
81 147
37 46
134 41
81 57
148 40
43 29
4 23
30 81
40 11
16 60
128 149
5 39
24 37
56 6
150 146
28 84
55 151
149 128
118 152
69 23
58 124
64 128
98 153
128 146
54 31
13 56
96 68
43 0
7 92
49 106
68 43
75 81
45 40
100 16
87 57
20 106
13 127
87 98
53 41
61 0
23 110
5 105
119 124
30 69
79 106
16 32
44 80
24 23
70 154
6 155
119 70
46 111
63 40
65 32
108 12
156 109
133 64
79 69
78 0
114 28
50 103
81 144
2 38
58 152
51 21
48 32
46 14
30 128
121 30
85 157
34 92
148 63
67 69
65 102
153 54
3 32
118 128
11 155
36 65
23 109
111 64
153 31
78 121
53 134
63 155
115 84
128 77
36 63
53 31
62 122
38 1
51 94
11 93
94 75
37 153
143 108
106 40
36 31
78 34
9 58
68 121
64 83
144 94
35 49
73 157
70 118
36 101
16 15
126 123
10 57
128 40
19 1
60 32
110 106
65 0
158 9
44 43
95 58
56 3
5 46
31 152
55 28
75 26
152 44
31 43
125 114
77 36
14 75
106 77
47 119
159 26
21 8
160 32
9 140
21 50
93 37
74 89
70 92
93 26
110 54
1 150
65 89
5 81
40 69
10 94
151 115
116 71
32 60
77 51
50 57
69 112
9 161
58 117
152 64
8 158
16 104
154 26
14 123
70 36
149 118
37 101
136 0
94 150
135 111
101 42
31 126
24 3
67 48
64 93
106 62
91 94
95 152
68 83
40 77
23 146
1 21
93 46
101 142
36 110
68 96
109 83
108 162
44 81
142 48
74 62
111 118
56 32
116 26
35 22
154 106
156 163
57 8
4 62
128 103
43 44
70 142
56 127
124 14
30 10
61 155
30 88
128 118
118 155
5 69
73 69
142 164
106 123
65 123
44 69
121 26
37 69
50 155
165 166
123 167
133 44
23 12
81 63
107 69
2 94
19 145
1 74
168 110
121 81
10 39
147 42
65 78
17 72
14 62
106 78
24 169
95 92
65 81
106 66
48 134
5 68
143 12
7 60
153 98
136 111
37 81
67 106
67 94
112 149
96 149
0 163
124 101
5 52
134 53
80 8
68 48
170 167
4 161
171 37
17 90
95 24
81 136
120 1
20 95
65 118
52 45
152 11
69 35
47 126
77 0
63 14
118 111
23 31
134 7
1 53
157 12
81 87
27 48
14 78
82 16
122 112
1 58
16 145
111 19
58 61
81 6
37 1
9 81
134 37
56 12
37 45
43 36
122 128
70 103
37 6
8 124
98 35
118 96
72 127
118 37
40 50
34 29
115 127
106 125
123 32
96 118
42 140
16 54
45 81
156 1
44 64
5 75
11 172
10 173
6 110
119 45
134 3
50 171
17 33
94 93
106 119
103 96
26 11
73 28
6 81
127 115
84 86
4 124
70 42
22 32
7 22
136 96
5 122
110 81
34 123
149 0
142 43
67 54
117 37
10 80
87 32
0 48
2 5
81 29
112 152
14 65
24 6
81 69
94 95
78 3
128 122
13 125
81 156
113 82
40 36
74 87
26 70
24 65
153 41
103 139
8 93
169 114
19 0
101 94
156 171
14 1
77 37
96 64
144 113
34 36
134 48
124 23
58 149
94 30
40 21
95 139
136 48
53 16
112 57
69 66
6 117
50 149
25 12
111 67
43 103
77 71
69 49
70 35
69 72
30 46
7 37
34 23
41 71
63 8
103 149
149 111
84 140
51 110
150 110
20 69
64 111
98 89
43 71
8 95
48 128
8 45
26 60
29 36
9 40
40 142
24 81
69 3
106 31
50 112
113 144
37 88
23 167
45 5
138 33
121 112
129 123
146 16
5 24
63 11
86 12
1 93
8 19
37 43
49 48
95 6
101 29
66 14
119 153
128 54
23 5
75 62
45 124
72 84
45 52
24 69
72 114
23 149
66 69
8 107
95 80
48 69
128 64
62 5
118 29
58 94
30 101
136 155
158 62
111 43
117 16
5 109
114 162
109 133
64 7
5 38
47 87
121 130
54 29
118 70
103 60
86 84
95 64
122 136
60 71
101 45
168 71
106 87
26 57
101 35
23 7
36 62
5 167
119 60
67 128
48 135
136 80
118 66
135 141
1 106
128 106
26 110
106 80
77 58
111 8
94 29
22 92
36 128
103 54
145 106
110 153
34 32
81 128
86 114
37 117
104 27
118 44
92 32
91 149
150 69
159 137
139 74
77 3
174 165
56 114
5 103
67 62
46 2
30 29
4 54
14 46
16 9
64 58
106 70
23 77
72 33
0 78
134 61
119 1
6 14
68 155
26 5
5 70
12 162
144 69
13 33
86 25
162 12
51 150
5 60
142 61
114 12
87 114
67 149
121 1
116 111
0 54
48 1
77 14
25 108
135 130
26 40
51 123
20 111
9 54
44 103
4 92
16 22
157 162
145 19
87 71
106 44
23 87
87 92
36 70
93 66
44 128
152 80
8 49
64 63
144 81
142 3
0 148
65 58
138 84
14 101
96 50
54 16
14 6
128 112
23 57
79 58
7 153
4 36
38 40
24 148
89 61
14 48
168 60
6 66
75 38
139 8
50 67
160 41
150 1
51 5
75 124
162 33
152 155
62 9
6 24
26 163
16 36
10 44
66 102
69 98
93 87
63 148
37 8
83 68
30 21
151 70
5 30
44 21
8 100
150 62
119 47
26 77
68 128
63 99
31 155
33 114
167 69
95 19
121 89
62 40
79 172
145 62
14 94
51 70
37 112
135 67
88 69
58 87
24 93
81 11
14 156
87 93
41 23
64 68
147 81
8 111
16 58
75 77
7 100
63 58
95 107
75 87
162 90
23 157
117 26
105 155
174 175
31 78
2 1
33 42
116 100
29 60
2 30
63 5
5 42
25 85
58 77
51 44
57 81
125 23
67 29
34 14
93 125
99 54
11 112
114 69
152 48
5 3
92 123
75 3
59 35
106 136
69 94
65 164
14 146
4 153
122 50
5 19
10 111
16 78
136 67
44 111
138 114
52 140
16 66
4 60
128 87
64 133
9 98
23 126
87 89
70 9
93 62
7 98
81 62
36 38
89 24
75 111
14 10
19 92
152 10
70 97
78 65
10 95
154 148
168 102
101 36
19 37
96 67
58 0
149 130
145 27
20 8
112 37
20 94
9 148
24 62
1 5
98 87
5 57
149 50
2 16
48 124
8 16
36 34
122 43
84 143
48 46
1 41
87 69
0 103
70 167
45 101
68 67
99 3
46 63
118 112
160 110
123 129
21 30
81 118
95 20
5 50
167 42
27 123
116 3
81 44
42 29
110 36
23 160
131 26
70 38
87 16
49 11
10 113
32 54
114 157
74 98
86 85
69 144
152 83
21 106
134 35
94 81
75 57
48 112
94 70
98 97
53 78
42 70
24 107
79 110
36 29
100 32
34 27
84 73
70 23
152 81
26 3
58 63
63 69
128 152
88 120
69 46
45 150
5 14
24 8
40 5
69 68
125 60
173 31
93 92
21 69
5 71
26 16
99 60
67 60
78 81
159 123
63 37
94 43
86 162
42 44
73 12
58 114
23 119
49 148
37 3
176 167
34 70
68 32
56 5
61 95
67 36
35 114
119 97
1 65
88 78
121 152
5 32
29 81
26 42
5 2
36 44
139 62
58 112
51 58
68 136
136 130
14 91
63 30
100 163
0 62
70 3
152 6
26 30
170 149
92 31
120 106
81 36
116 38
26 21
31 27
150 106
14 120
99 116
65 93
81 38
29 53
5 144
95 123
98 37
170 139
104 54
21 64
34 106
23 103
124 11
100 71
38 54
128 36
26 102
24 74
55 140
112 177
6 30
167 5
35 1
13 84
110 60
23 3
50 119
8 6
90 28
69 80
152 26
50 40
77 40
26 140
43 37
111 167
30 26
7 32
118 65
43 128
98 71
101 126
7 134
6 26
16 100
41 53
104 71
101 81
6 95
97 36
142 31
37 92
103 51
22 35
142 145
0 112
75 11
37 167
110 11
30 5
136 141
85 33
112 97
81 77
127 138
7 6
23 14
5 44
150 44
48 54
81 56
12 33
94 66
85 28
43 54
89 65
167 123
10 66
14 61
16 81
16 97
56 70
68 37
53 160
55 138
38 112
135 8
26 63
22 39
101 69
109 156
29 89
87 4
4 104
58 24
63 36
32 56
170 126
106 0
118 149
112 81
22 71
28 162
50 130
50 96
123 31
123 27
26 6
81 93
46 101
14 111
105 134
69 37
56 107
149 64
108 86
50 5
45 8
112 20
12 56
72 55
50 19
58 8
36 146
18 17
29 0
36 54
72 12
69 47
81 146
24 35
59 16
95 7
94 14
97 3
48 136
54 153
12 90
142 64
148 49
67 1
88 94
146 60
70 62
101 139
4 87
0 93
50 94
165 170
139 110
6 80
26 92
78 94
43 40
20 16
162 25
36 3
117 6
5 16
157 17
78 87
176 140
32 106
95 50
97 34
4 98
37 2
62 106
35 51
152 31
29 34
56 62
78 73
62 43
40 44
58 89
10 92
69 101
46 23
100 37
178 141
93 69
110 61
125 14
11 23
69 122
62 88
63 80
51 139
6 65
76 177
10 32
121 0
162 114
67 97
90 162
5 26
142 23
81 98
74 1
98 82
142 8
82 62
5 82
23 144
20 120
115 13
100 47
65 1
23 6
77 144
49 14
48 142
66 3
4 8
136 135
88 37
93 16
30 11
5 149
6 77
35 63
20 14
22 23
62 74
23 70
35 78
17 151
16 112
135 76
152 16
38 142
148 77
126 31
114 72
98 81
48 60
5 62
112 0
6 118
71 31
31 92
35 23
116 31
57 11
69 20
23 58
92 77
1 35
121 11
96 19
6 56
31 140
101 14
50 35
110 88
5 63
82 150
98 124
85 86
108 72
26 71
45 94
9 16
57 39
14 16
123 100
69 120
78 53
49 140
98 69
154 23
67 16
20 19
26 44
137 98
2 152
92 39
51 31
30 61
84 25
121 122
56 72
14 38
44 167
159 163
78 62
26 65
35 106
108 84
62 4
8 61
40 152
13 151
41 160
153 37
88 62
31 104
24 128
178 155
47 69
58 43
125 25
103 21
106 92
29 95
124 141
152 23
103 58
92 54
2 111
80 20
95 1
43 92
37 134
112 29
34 176
29 112
126 32
160 7
125 106
29 40
58 102
152 128
98 26
69 11
101 63
59 32
12 127
8 2
69 167
48 103
5 161
52 8
19 150
114 62
75 89
60 92
1 50
43 11
175 174
1 87
1 89
106 3
75 101
97 124
14 148
59 114
94 110
65 36
93 0
16 5
157 18
66 35
139 103
144 77
94 58
48 14
81 61
171 50
56 77
14 71
8 144
78 14
101 124
64 92
5 35
1 121
34 97
112 38
43 1
150 5
0 26
14 32
5 97
8 42
37 64
0 101
142 42
101 51
66 140
11 37
145 16
7 48
1 29
124 4
64 88
9 14
1 32
60 104
57 26
135 112
43 136
97 94
131 70
105 41
14 29
111 37
81 141
119 35
125 13
122 64
0 63
99 106
125 17
9 8
75 67
156 0
63 81
179 3
37 32
74 121
118 2
84 151
82 9
137 71
59 71
107 24
77 32
126 98
7 53
19 77
9 116
50 16
98 4
21 96
81 26
23 125
69 53
95 51
31 87
16 27
1 111
0 94
56 173
69 119
35 48
77 6
69 134
127 84
5 170
165 75
67 32
50 70
49 47
30 155
103 128
95 79
58 7
95 82
142 107
21 40
17 162
67 27
151 123
70 26
12 84
11 43
124 48
124 75
25 13
73 17
92 23
75 23
30 14
22 114
79 75
48 43
170 146
107 153
53 34
9 42
119 62
38 29
59 169
145 31
16 26
14 114
36 167
85 162
109 81
119 106
14 155
150 38
78 88
129 36
101 60
69 88
58 110
98 61
82 75
99 36
34 98
114 55
21 58
69 93
63 93
135 48
51 29
35 161
136 122
63 0
93 43
151 54
29 161
2 8
145 167
14 36
14 142
5 29
64 14
64 2
167 23
106 97
50 136
162 52
42 97
143 86
0 65
62 63
133 156
77 150
112 128
36 42
128 180
53 39
48 0
5 121
68 135
78 37
82 37
21 35
84 28
51 71
167 32
8 139
48 87
95 126
31 69
66 93
1 95
125 92
87 40
129 89
23 124
136 149
1 14
0 77
37 87
110 109
9 23
94 118
41 153
157 86
88 110
37 20
49 75
65 69
5 51
26 107
81 111
69 7
75 21
104 60
152 118
106 69
56 106
35 121
81 64
69 114
152 178
144 23
106 14
95 26
0 44
23 47
37 57
32 98
35 40
104 123
7 16
92 19
40 58
37 16
48 88
84 127
42 38
146 32
58 118
111 49
96 128
85 12
106 16
23 148
35 81
128 121
98 8
101 71
93 1
67 112
84 125
46 80
101 95
16 82
2 118
58 46
23 41
72 140
93 60
39 31
128 38
121 93
106 176
151 25
70 153
149 112
24 5
101 40
9 57
4 100
80 152
119 32
27 104
94 155
156 103
10 31
14 63
35 69
84 52
45 144
30 0
74 69
17 73
8 5
99 104
50 21
26 100
21 109
44 92
23 154
32 35
1 125
142 44
36 97
119 77
63 61
70 168
18 12
0 40
159 126
36 77
12 151
76 62
58 81
55 72
120 8
16 39
118 161
7 23
181 42
151 71
26 152
2 62
6 29
37 59
34 140
10 54
70 119
44 54
135 128
31 36
152 112
119 50
93 146
23 32
7 71
131 163
17 25
93 110
124 126
121 16
4 38
31 123
23 61
23 112
33 108
47 60
6 9
29 2
62 133
152 32
19 50
1 79
55 84
88 48
63 87
99 35
91 112
5 45
69 67
146 106
69 153
121 5
150 45
136 50
62 78
139 170
81 45
99 16
8 77
7 29
3 114
93 8
78 105
65 3
43 147
144 82
30 23
118 40
154 48
69 24
136 103
96 70
28 17
95 14
70 106
111 1
31 54
9 95
11 121
45 106
14 80
156 81
16 71
68 177
95 141
81 9
81 152
162 140
157 52
66 81
93 161
93 11
50 0
56 60
97 119
23 49
45 88
29 65
73 86
1 120
73 140
96 21
2 106
75 142
43 14
14 66
70 34
84 33
118 38
85 114
47 61
111 93
176 123
81 110
36 129
36 142
35 92
11 30
45 37
17 84
145 111
41 32
10 5
26 112
10 97
10 40
70 139
93 65
14 70
103 23
1 43
154 46
48 70
80 44
5 94
9 62
43 106
4 1
121 68
14 34
167 37
41 7
9 152
127 73
139 149
34 62
77 26
7 39
142 105
21 103
73 106
152 9
75 36
70 48
66 164
50 43
31 60
16 153
56 64
65 29
36 32
153 3
30 63
23 9
24 10
93 38
42 1
5 178
64 81
63 1
73 72
150 19
72 73
47 7
103 156
137 47
40 87
20 118
5 22
48 110
109 103
81 14
25 151
89 23
57 37
125 84
49 16
114 84
87 79
6 16
94 88
37 124
58 103
59 62
2 64
109 5
87 75
6 89
70 94
40 45
122 67
98 16
23 97
54 26
77 148
136 64
81 94
22 7
2 29
95 40
6 63
65 35
1 178
142 66
127 13
85 73
156 133
70 31
5 65
88 155
81 112
42 147
112 130
8 152
116 104
42 181
58 11
93 24
40 16
24 77
106 19
0 106
86 33
136 42
14 164
125 1
10 35
23 64
7 58
1 152
30 34
4 126
1 2
167 94
10 70
142 139
14 88
25 17
51 63
82 94
18 28
124 16
138 13
63 43
142 38
48 7
89 1
43 80
93 111
106 45
99 69
23 42
152 37
81 23
79 118
65 24
48 63
94 34
56 115
16 43
64 152
75 72
127 55
151 125
8 141
30 6
32 36
86 127
4 43
76 75
88 30
23 92
114 151
26 43
114 32
101 43
72 8
142 110
79 87
87 105
14 106
43 50
35 8
10 3
8 79
72 28
128 11
8 10
37 56
16 179
40 128
23 36
139 35
144 4
84 17
60 16
114 39
8 24
75 140
36 14
2 35
70 146
11 57
77 75
78 24
126 36
63 26
45 1
101 21
77 19
118 6
152 102
111 14
124 69
75 165
4 140
109 3
18 33
0 128
93 88
78 16
16 19
167 98
110 35
14 95
77 92
29 93
29 31
152 24
135 136
49 35
67 130
75 58
48 40
46 7
69 0
111 5
96 112
0 146
4 113
34 47
75 106
60 3
77 98
21 57
14 11
47 34
110 26
111 48
48 130
106 145
35 74
37 155
17 52
87 36
23 84
12 114
43 70
136 68
124 8
81 155
58 21
157 25
81 83
55 25
151 60
66 29
95 36
58 78
18 162
170 101
39 92
114 27
58 66
142 0
43 42
94 69
133 109
10 50
43 96
8 66
37 40
111 141
48 96
161 106
25 52
19 80
30 32
105 160
88 5
52 25
68 64
69 43
94 20
3 146
167 35
40 81
37 82
48 36
103 48
5 56
20 80
84 72
28 114
82 35
48 62
97 16
152 14
3 106
69 81
21 23
111 46
66 8
81 43
42 114
14 110
45 46
7 133
16 155
84 56
44 38
65 111
11 75
120 95
10 38
8 72
16 57
86 157
57 114
8 69
77 128
106 61
47 16
43 3
103 14
153 53
7 89
151 55
54 32
63 46
26 121
69 79
69 22
9 82
122 121
8 14
28 12
74 136
78 40
106 32
178 1
135 68
167 62
9 39
99 31
61 16
115 55
100 98
144 35
69 117
65 117
94 82
58 23
58 101
6 60
88 0
72 145
154 8
70 32
22 33
5 88
2 46
7 0
0 156
69 31
109 23
14 139
69 26
9 119
69 44
84 12
10 123
16 69
94 131
110 82
20 29
15 121
58 126
57 42
110 31
43 65
63 101
89 6
2 63
63 6
57 77
14 20
58 37
4 37
92 44
116 16
7 46
36 126
111 80
50 81
167 44
48 27
21 36
87 23
35 29
114 31
159 116
23 75
118 79
149 23
61 54
69 63
23 59
19 45
38 111
118 102
43 161
45 142
30 37
29 111
8 64
23 50
28 108
153 23
142 58
58 79
89 69
128 81
44 118
117 124
87 26
93 14
110 89
122 106
24 63
68 152
12 28
4 144
114 33
114 35
13 73
109 152
108 25
77 87
42 81
154 70
170 51
97 46
81 106
92 16
77 69
81 82
110 91
19 5
70 67
106 140
114 52
48 8
14 118
1 157
128 69
44 62
67 11
8 37
72 17
120 148
44 5
35 54
99 92
69 40
151 114
42 36
26 69
111 65
126 100
9 70
11 26
35 173
58 40
99 37
74 77
97 5
3 70
7 152
26 32
149 96
26 23
23 108
110 78
70 69
134 105
12 108
153 97
23 0
46 5
38 44
4 31
128 24
119 8
136 112
37 177
4 44
106 51
69 110
95 103
19 141
165 172
106 1
55 114
58 9
43 130
168 31
40 70
40 46
127 108
120 74
61 98
94 63
63 10
23 153
146 31
21 26
111 50
44 40
81 101
108 28
69 30
64 11
70 81
146 150
8 80
35 24
7 155
121 128
142 118
111 81
72 13
6 68
101 110
16 8
68 54
152 8
94 101
119 9
23 142
55 13
30 36
36 60
7 95
7 117
157 84
78 23
42 3
111 20
31 16
121 58
70 37
156 110
66 0
23 4
23 11
153 163
1 48
37 118
8 63
62 23
138 28
2 112
74 14
21 1
70 43
5 92
14 64
43 69
1 67
94 51
37 100
48 141
11 81
125 35
96 48
101 74
56 31
121 74
24 70
32 43
0 88
17 114
89 7
134 23
75 64
179 16
41 134
123 3
23 69
58 44
117 69
160 105
109 21
8 94
139 1
44 70
88 46
95 117
9 5
182 108
127 114
128 43
81 24
111 44
19 8
32 92
89 75
14 7
93 5
24 34
111 130
6 58
38 70
53 153
10 36
148 120
95 22
20 141
23 46
29 58
94 91
123 26
87 47
23 107
36 21
18 157
100 60
23 53
6 5
60 116
26 45
83 81
111 26
93 50
63 48
88 105
134 160
46 74
128 141
8 48
37 5
26 54
80 43
89 58
31 39
40 38
29 97
170 62
70 128
57 32
161 38
21 80
21 128
101 8
107 26
17 157
8 73
118 142
124 117
43 94
68 122
24 48
93 148
91 14
10 128
79 8
99 39
110 3
154 98
26 116
26 31
20 38
152 95
66 71
16 31
20 26
57 5
124 37
84 55
37 121
114 108
20 178
117 102
40 37
80 21
3 35
145 34
23 95
72 3
23 93
46 43
153 7
114 169
112 155
26 123
74 24
107 136
65 6
11 128
19 70
0 121
69 73
87 1
58 133
131 34
152 93
98 23
110 7
81 58
7 160
43 48
71 60
14 128
151 13
114 56
104 32
58 60
42 33
24 87
72 85
51 95
57 111
122 37
14 5
73 114
49 23
31 1
57 112
114 78
57 21
178 64
6 164
69 51
11 124
23 35
72 138
8 23
122 39
19 43
18 114
162 18
5 87
114 172
9 173
58 62
1 156
143 33
101 5
119 144
51 38
14 49
44 82
87 37
2 155
146 70
87 128
81 65
38 2
96 103
115 114
118 5
108 157
26 118
63 29
52 84
43 97
167 51
28 73
127 62
73 3
111 29
136 35
23 98
98 74
43 110
23 94
5 33
51 80
63 62
87 101
55 12
72 56
129 60
9 80
69 65
64 23
99 98
14 117
58 174
40 94
34 30
106 73
72 115
26 95
23 62
134 16
128 21
114 138
73 85
81 78
127 162
23 21
8 52
25 18
128 44
37 42
72 86
66 118
7 47
32 146
26 104
46 97
6 62
53 7
51 170
62 1
112 141
92 121
107 36
36 69
43 32
151 127
110 62
150 77
108 182
78 66
46 40
93 155
142 111
165 174
46 69
97 98
16 44
94 40
106 146
56 151
111 135
31 173
93 42
70 155
41 1
104 106
1 63
59 3
127 140
87 150
144 1
18 85
93 81
122 62
9 77
84 157
77 5
79 1
2 14
47 70
44 16
34 60
36 35
70 61
94 111
68 71
1 131
142 45
32 23
142 20
103 112
167 176
38 94
58 6
36 16
56 33
26 159
21 101
8 57
94 5
120 70
75 8
69 61
67 81
95 112
7 110
58 98
3 77
106 20
67 111
133 62
14 31
1 45
8 4
37 11
162 28
47 31
67 21
37 70
152 7
10 87
150 141
36 145
35 126
70 10
149 103
93 58
26 131
34 145
43 5
66 112
43 112
69 5
12 73
81 30
73 120
77 45
135 122
18 108
36 81
34 3
73 35
53 29
69 2
4 69
11 14
98 49
82 31
133 152
110 112
110 20
64 8
88 64
45 23
94 97
33 73
167 112
59 23
94 149
67 43
146 3
70 51
123 126
35 43
152 117
38 65
100 126
23 40
76 88
14 8
52 162
10 63
81 149
158 8
18 140
20 88
124 98
35 167
21 121
88 20
1 144
77 31
104 31
117 14
106 39
152 121
106 110
70 14
51 67
94 0
23 111
122 78
101 87
152 133
93 30
58 65
156 50
67 3
142 29
48 35
83 112
62 168
14 89
51 69
80 111
87 106
70 16
61 71
29 14
87 77
150 144
17 85
45 77
23 33
110 50
67 50
152 74
54 44
48 23
67 96
70 140
40 26
24 58
166 174
81 5
1 66
94 103
98 77
26 111
99 63
103 130
106 43
142 70
42 57
14 0
35 97
10 24
68 130
112 111
38 81
103 44
139 95
88 14
23 16
153 16
44 106
173 97
47 53
54 60
14 74
150 51
23 134
81 79
97 177
147 43
74 139
128 0
87 43
6 8
37 152
11 0
17 28
23 37
89 88
92 70
111 2
37 36
94 8
26 106
4 80
75 82
35 60
6 3
110 146
31 29
14 35
69 29
36 140
43 149
170 5
42 0
82 0
84 114
14 102
58 32
98 3
36 40
108 114
47 98
119 71
81 133
10 30
23 30
116 126
25 162
82 113
13 72
106 60
5 114
9 3
23 45
69 9
95 38
142 6
152 109
69 92
73 8
31 71
87 29
79 95
97 112
35 20
29 1
93 63
101 24
139 14
139 142
111 23
5 77
16 98
30 2
119 3
101 30
13 55
6 75
31 0
2 31
101 6
48 71
114 60
8 21
12 157
5 58
111 145
10 152
150 80
67 136
81 54
93 95
60 31
12 115
82 4
7 26
93 22
95 8
43 21
101 103
21 43
98 126
24 95
123 95
7 64
26 37
69 27
94 167
89 93
67 37
25 84
93 29
95 94
14 152
97 23
36 107
91 107
22 54
53 60
5 111
4 34
26 20
4 32
10 71
6 37
57 43
94 38
128 14
29 63
80 94
3 97
14 93
14 44
91 42
82 77
8 98
48 149
43 146
5 40
23 101
153 70
1 40
89 14
171 8
35 26
23 22
150 87
17 138
97 37
16 117
45 93
5 6
67 75
40 30
0 51
69 42
6 23
120 88
124 45
24 40
14 125
16 7
136 121
127 25
133 81
110 23
35 32
106 104
66 1
37 63
67 122
150 82
73 108
31 106
35 101
128 96
20 110
5 0
69 128
87 31
93 23
89 87
26 119
119 95
58 93
46 8
35 59
94 24
23 82
144 45
29 37
29 88
58 51
8 135
2 89
74 23
94 6
86 73
118 14
146 35
1 37
7 41
106 27
81 66
68 16
26 98
94 144
63 24
121 64
107 23
23 141
23 114
1 62
151 35
84 162
94 128
64 109
9 6
95 35
58 36
139 70
36 23
51 92
10 77
75 94
23 39
111 142
128 48
5 9
27 39
173 71
151 31
78 63
44 51
69 86
34 42
69 4
111 149
117 152
101 31
5 43
149 81
77 56
37 77
25 3
32 26
83 1
78 123
167 170
23 20
83 109
144 8
58 29
2 69
176 34
109 50
11 2
110 14
44 36
63 2
99 71
101 106
77 172
100 8
70 44
81 0
13 115
63 65
122 68
110 42
128 94
40 155
26 58
65 62
95 62
5 23
43 122
114 42
75 6
40 106
103 94
50 1
70 151
30 40
23 71
157 143
161 69
80 19
1 19
120 14
4 123
0 14
115 151
9 153
72 151
69 36
157 85
53 23
128 155
167 38
158 42
95 119
127 151
37 14
16 152
159 100
5 31
8 31
16 62
97 70
0 29
51 101
32 69
30 94
32 71
136 110
35 16
0 136
86 140
23 26
55 127
69 107
88 93
132 110
127 72
74 35
27 70
14 37
74 46
24 71
48 155
136 106
32 100
69 8
106 58
94 78
46 58
97 173
26 66
8 58
26 0
58 164
55 115
4 112
157 1
95 142
106 81
95 168
35 31
101 0
30 82
8 82
156 14
87 74
166 165
151 72
101 131
16 40
94 134
101 78
9 71
9 69
58 121
11 61
53 69
26 34
20 37
14 23
25 55
7 69
23 27
77 81
8 75
101 170
152 58
74 152
97 135
26 164
178 152
51 103
26 93
89 98
80 46
95 5
157 28
31 26
58 64
56 28
78 58
12 18
69 6
75 33
69 87
6 69
67 35
55 172
49 69
118 81
125 93
109 64
86 143
89 94
52 157
14 42
118 51
50 128
8 20
111 38
17 12
84 3
7 62
14 43
81 40
110 69
112 8
6 152
72 157
43 16
150 94
17 115
37 30
157 73
26 35
85 84
47 129
5 8
45 44
69 21
101 58
64 54
103 0
143 157
32 31
93 152
92 43
75 37
48 106
27 31
103 155
20 42
61 8
153 4
20 146
69 124
101 75
116 32
106 2
111 94
142 155
114 73
16 77
92 71
127 33
8 101
58 16
37 49
61 63
32 37
36 71
103 46
43 81
121 118
69 48
146 170
144 112
128 42
43 26
156 43
151 17
121 21
30 54
99 159
112 48
126 23
67 121
51 0
48 154
152 2
38 161
52 114
66 16
110 142
116 60
8 26
24 89
56 71
13 108
20 35
11 80
19 111
94 2
118 26
101 37
17 86
68 50
0 23
16 87
176 106
5 110
73 162
81 103
37 4
34 126
43 46
69 70
126 16
127 86
6 94
43 68
100 62
14 24
26 8
85 108
72 62
84 18
142 40
93 102
64 44
86 69
48 81
31 82
25 125
122 146
1 139
67 103
23 140
2 44
128 67
151 56
89 110
94 80
17 13
32 123
124 116
118 94
0 42
67 70
4 173
59 110
33 12
63 94
117 63
93 89
51 106
11 58
128 30
94 48
21 140
148 23
12 85
35 62
81 35
53 126
47 49
32 3
70 50
124 119
37 97
28 157
152 114
2 70
4 71
116 54
16 23
93 3
0 96
149 14
38 20
77 70
118 20
138 72
50 111
21 155
58 161
96 0
43 30
119 26
95 110
56 82
31 146
98 47
77 106
77 119
46 103
32 70
128 16
54 64
171 26
106 120
11 63
65 26
13 138
48 67
153 9
48 152
34 54
34 103
77 16
35 70
9 38
0 69
9 1
42 91
29 54
86 108
37 26
48 37
118 64
75 70
40 0
23 8
89 2
111 136
134 54
117 58
81 16
77 24
13 25
88 29
121 92
73 33
95 66
5 37
160 53
92 60
37 98
116 123
142 75
139 29
7 61
81 21
5 21
65 63
82 30
128 68
97 69
137 159
6 1
79 148
37 23
137 100
40 71
49 37
11 64
10 27
70 40
87 10
86 17
57 118
43 148
75 5
122 96
14 26
149 155
66 6
24 152
9 158
70 131
66 65
49 61
70 27
136 74
95 101
69 16
26 161
100 159
167 114
72 18
23 104
56 69
121 155
2 54
58 34
93 64
89 46
170 35
121 177
72 162
128 78
23 48
70 47
40 29
120 110
128 130
23 170
23 81
87 58
43 118
32 1
23 74
134 89
108 73
29 94
10 43
78 31
23 29
44 42
81 42
55 33
143 84
34 58
58 95
48 24
64 142
26 14
14 40
11 152
106 36
23 34
80 63
47 54
24 1
72 25
39 54
14 69
69 75
94 37
149 94
174 166
103 101
56 42
31 62
136 54
81 92
67 146
122 118
22 141
58 80
23 80
20 112
51 118
34 65
37 75
11 69
94 23
19 16
154 32
34 78
93 35
14 124
47 100
149 58
26 82
167 36
82 19
23 89
36 92
94 67
9 32
101 46
3 140
59 37
38 118
16 146
66 94
14 81
25 157
128 58
57 119
87 48
49 8
23 155
151 32
80 51
20 142
88 91
69 77
14 30
123 159
168 140
75 16
137 32
48 68
144 150
127 3
81 121
10 37
73 84
94 45
13 12
9 60
101 112
61 70
96 122
41 126
3 60
77 23
74 101
122 130
26 29
87 81
159 104
121 136
58 128
11 40
91 110
88 45
131 141
152 40
43 62
89 74
107 142
82 44
58 142
37 111
170 165
136 81
85 18
17 108
92 36
34 26
16 126
125 151
38 128
14 149
151 84
2 37
26 80
83 152
32 87
117 7
8 46
6 32
157 33
161 35
22 16
53 1
44 0
5 1
70 77
16 121
103 81
67 31
157 108
26 94
30 43
81 70
26 171
0 81
120 69
144 5
87 62
19 44
44 146
101 23
64 31
60 54
98 9
14 2
8 119
34 158
8 112
6 142
50 118
152 1
63 51
81 96
94 89
70 2
26 7
58 155
94 46
43 67
46 89
43 19
109 149
1 0
26 87
1 6
118 110
26 114
46 37
108 17
100 3
65 126
21 81
19 96
99 78
10 8
95 161
139 51
6 0
14 77
157 114
98 7
33 84
81 148
126 159
144 141
82 144
110 94
23 152
16 34
145 126
124 58
128 135
57 62
178 32
10 14
5 36
168 62
112 118
28 33
50 122
76 135
5 150
16 92
46 30
49 111
78 122
3 69
26 97
162 84
119 57
75 149
16 37
33 162
24 36
58 97
5 95
35 110
94 50
58 106
4 82
37 48
52 108
81 109
78 114
69 161
100 26
122 135
114 3
2 11
128 70
51 77
142 36
61 89
0 149
33 140
81 48
72 108
160 134
48 111
43 38
14 50
32 104
45 19
43 111
87 63
118 43
89 29
10 60
35 3
70 29
118 58
118 50
32 16
5 101
48 148
28 90
2 43
24 106
136 37
26 81
64 121
66 103
67 68
68 6
131 1
153 107
12 25
162 157
1 9
70 54
82 26
37 29
136 43
17 125
45 119
77 62
27 16
167 111
21 0
