182
0 1
2 3
4 5
6 7
3 8
9 10
11 12
13 14
15 16
9 12
17 18
19 20
1 21
22 23
24 25
12 26
27 28
29 30
31 20
25 22
32 33
34 30
19 34
35 36
37 38
39 40
41 42
43 44
45 46
47 35
1 37
28 48
30 49
4 13
21 13
39 34
50 51
21 46
11 34
52 36
53 54
55 26
12 21
56 41
57 36
38 58
12 59
20 60
18 61
38 62
63 2
9 54
47 36
0 13
4 33
13 15
38 56
36 47
64 35
27 9
65 66
67 35
37 12
40 38
68 33
69 47
34 39
13 70
26 27
71 72
73 41
52 74
42 41
10 75
76 31
41 14
25 38
18 77
75 47
38 78
32 42
79 66
18 49
75 23
80 42
66 18
30 22
13 11
42 27
13 42
76 52
20 9
81 38
10 56
42 15
11 5
10 12
82 36
83 4
84 44
85 86
59 37
54 26
42 47
23 33
35 67
62 87
88 35
18 29
75 87
89 90
91 53
61 18
92 87
38 83
35 93
77 18
94 95
35 22
91 60
37 96
97 38
90 9
20 37
38 76
25 24
30 79
48 56
98 12
14 28
30 67
98 40
46 83
56 28
19 29
99 30
100 87
77 34
11 101
47 20
102 42
10 38
55 71
28 87
58 38
26 74
103 7
39 94
47 6
42 19
99 31
52 38
67 69
104 87
9 38
105 38
52 25
2 8
52 9
3 106
75 38
90 67
107 23
108 66
67 94
52 100
13 59
21 42
20 47
42 53
99 83
10 83
22 52
109 59
97 67
75 30
110 100
75 42
42 36
34 55
12 53
52 19
14 41
111 34
42 112
44 43
71 49
98 46
54 12
3 96
86 113
110 38
26 52
13 25
114 41
28 36
115 116
84 43
31 36
20 35
98 95
47 62
89 1
12 117
111 19
118 7
57 30
54 42
111 23
3 119
15 57
18 9
18 30
67 97
21 12
120 121
57 37
30 69
74 1
39 30
47 122
18 79
62 47
95 123
124 52
102 10
34 69
116 125
55 1
52 14
47 1
23 25
67 19
18 19
12 80
1 107
1 26
35 47
82 24
15 1
124 24
12 121
58 87
55 22
57 75
31 99
75 13
55 72
67 90
38 59
32 38
25 99
12 67
9 15
65 126
127 19
57 15
83 30
94 38
10 103
38 100
55 25
48 111
18 128
37 1
20 25
38 52
52 113
83 97
9 88
98 34
38 99
20 91
34 77
11 52
107 71
55 107
107 74
23 87
52 47
67 46
129 82
78 11
36 42
66 34
52 11
130 38
100 33
80 29
1 87
131 83
63 132
96 132
52 54
59 25
12 49
1 23
34 111
54 25
75 52
38 37
91 52
0 37
38 34
35 52
20 12
31 42
64 77
13 133
10 59
38 134
29 57
12 38
46 30
7 103
36 38
135 34
42 9
34 136
30 98
108 85
10 101
63 8
73 38
21 72
108 77
42 38
75 16
67 66
95 94
109 37
13 122
19 111
35 64
136 18
59 12
30 19
25 82
10 130
63 3
137 87
79 18
38 97
38 32
6 5
42 138
38 48
81 11
5 11
108 52
93 139
79 87
22 71
39 98
52 13
13 1
88 12
82 11
103 4
25 41
20 42
19 77
35 88
140 5
4 83
19 45
66 136
23 26
102 11
24 42
47 141
75 10
96 2
75 1
42 91
38 142
143 37
39 12
75 102
19 18
20 36
23 72
102 38
107 26
77 67
83 46
121 120
78 87
70 38
52 33
21 107
95 111
30 17
30 135
59 42
144 34
4 14
59 16
30 90
145 125
72 23
47 146
54 38
117 87
25 9
51 147
12 64
92 7
48 78
22 35
30 77
21 138
26 72
18 34
9 27
38 148
135 66
9 36
1 12
42 4
9 18
66 39
98 18
107 21
30 46
77 30
21 55
20 24
34 149
37 20
42 26
36 12
85 87
0 15
148 38
25 53
23 111
82 129
74 49
102 5
11 37
90 19
20 59
10 52
14 37
115 145
15 13
34 35
34 19
132 119
99 65
28 27
91 87
27 24
52 20
18 98
6 123
71 38
141 1
20 150
38 22
26 71
1 42
47 16
1 141
49 39
12 148
121 12
23 71
71 1
151 12
108 82
42 55
39 66
152 153
13 23
114 23
98 133
13 58
25 23
46 90
90 46
35 95
9 87
52 23
18 136
15 75
35 54
24 82
8 2
38 132
14 56
98 57
18 90
38 88
52 71
111 56
47 101
154 145
53 42
88 119
35 41
126 65
155 87
103 5
60 91
35 98
78 48
11 102
36 54
156 87
35 157
38 102
11 78
158 50
55 21
116 145
107 1
59 38
52 42
36 33
37 109
105 123
78 12
15 70
36 150
12 27
106 96
34 57
34 97
39 35
93 35
133 38
60 52
42 22
9 19
38 71
25 27
27 32
99 159
74 55
107 12
12 54
35 34
37 15
71 42
58 15
67 30
71 141
117 42
22 11
12 25
41 40
71 22
38 124
81 111
40 87
159 7
36 9
48 90
39 19
111 48
25 91
15 23
122 15
36 24
3 2
30 99
52 112
41 87
77 90
71 34
134 38
69 18
148 12
96 8
52 82
26 23
111 6
71 113
157 30
75 37
67 77
53 25
35 20
42 12
80 160
52 10
67 57
125 115
11 98
57 47
143 160
130 10
12 99
36 52
44 161
12 47
48 28
25 31
9 20
1 22
56 14
53 31
34 18
117 12
83 38
35 38
142 28
133 12
37 59
9 82
38 35
102 52
64 12
117 36
126 99
82 127
74 7
58 37
159 38
37 36
44 84
25 113
77 108
37 146
162 154
35 42
48 4
22 59
159 105
9 47
102 87
1 55
46 98
8 3
48 38
36 25
47 70
42 59
42 24
34 98
82 9
4 10
121 163
82 144
106 132
132 3
137 12
52 35
144 82
40 24
13 37
80 22
31 25
12 9
38 82
22 26
160 118
29 80
52 64
99 25
34 93
7 5
30 94
4 23
52 90
42 74
163 120
47 12
19 39
53 91
30 157
18 83
132 96
34 46
18 66
23 22
47 23
37 22
122 42
37 143
12 107
83 157
36 16
77 19
47 9
41 35
90 30
49 71
47 75
90 52
14 33
99 12
26 41
12 137
30 97
127 60
98 111
115 125
10 16
122 37
109 47
32 39
38 40
39 49
12 133
58 13
15 21
32 91
101 11
164 87
14 111
12 31
35 9
137 35
71 64
26 1
6 111
128 18
9 42
23 59
17 30
90 48
154 115
46 18
60 87
48 83
38 25
83 101
64 52
96 3
4 99
57 29
3 132
26 141
38 15
143 47
75 59
19 25
99 42
38 26
54 36
34 133
12 165
52 59
26 138
83 99
25 12
32 159
52 91
10 36
99 36
38 3
36 87
6 83
47 37
108 36
136 90
35 108
37 16
152 154
30 66
38 57
95 5
1 0
12 65
78 160
25 54
59 4
166 33
48 77
122 87
20 90
127 82
42 141
137 36
32 27
22 25
34 65
13 12
27 52
56 100
38 47
52 138
9 151
132 63
55 23
51 50
98 39
56 10
9 31
48 11
15 47
30 48
75 66
66 79
106 3
9 59
66 67
25 42
151 38
36 59
35 137
108 126
1 25
126 149
9 25
29 34
39 32
38 36
132 38
23 13
22 12
11 95
0 23
159 11
32 95
19 127
46 45
101 86
38 42
18 67
34 11
12 82
12 34
42 31
91 42
56 87
120 163
23 7
74 71
36 37
37 102
12 151
74 72
86 85
82 112
37 13
159 32
31 27
88 96
143 7
30 65
37 87
53 9
112 87
9 86
54 150
11 111
78 7
65 83
42 113
31 76
62 38
56 48
34 144
35 84
41 33
12 88
160 6
40 98
59 22
22 42
41 159
52 41
49 52
75 12
42 122
48 167
30 168
11 28
144 18
145 115
8 106
34 160
25 150
94 30
159 99
52 37
89 11
25 59
49 74
24 40
22 38
47 57
41 100
143 15
26 36
101 47
111 81
12 42
59 6
74 87
95 11
38 75
102 7
161 120
50 158
26 54
12 11
154 116
136 66
169 170
13 36
95 33
98 11
82 46
30 128
142 38
98 29
41 114
171 30
56 36
42 71
52 4
40 99
91 25
17 34
75 112
71 52
12 98
22 64
42 82
117 24
64 22
80 87
97 83
88 36
30 171
79 30
165 12
15 143
98 47
10 143
78 38
12 84
48 30
52 122
66 135
86 38
4 7
112 82
9 130
18 65
19 42
37 11
59 36
77 127
53 12
143 28
7 11
164 82
47 172
38 20
42 150
10 112
157 83
78 123
46 79
43 120
38 110
12 39
42 13
66 65
36 82
35 25
52 12
40 39
38 105
40 41
38 138
26 22
42 25
93 34
122 47
74 107
92 4
65 99
86 101
150 42
161 43
9 105
82 25
94 18
27 36
27 12
173 87
35 174
37 57
98 4
29 18
18 17
102 37
175 87
83 12
63 96
1 138
66 30
43 161
23 47
37 14
125 145
11 89
73 27
26 25
53 52
76 42
64 71
99 52
109 4
3 63
66 11
31 53
176 87
85 28
99 38
97 30
81 87
20 10
63 106
30 39
149 87
55 34
98 83
19 36
52 60
70 13
46 34
46 82
38 94
47 52
22 37
163 121
52 27
23 138
83 65
52 15
95 6
88 38
30 111
95 159
35 19
86 87
6 59
89 30
39 18
88 9
98 6
143 4
80 12
99 71
47 25
36 60
38 13
95 7
25 4
149 133
74 123
83 133
84 51
25 19
25 60
99 4
47 109
105 159
129 127
52 31
30 18
124 36
79 34
108 38
90 12
19 67
83 6
19 52
84 12
132 106
36 13
82 38
36 22
19 35
20 38
65 34
73 133
12 1
30 75
107 138
21 23
43 84
34 79
18 133
26 174
41 25
38 130
55 38
133 18
76 36
165 82
71 26
19 90
14 4
133 149
70 37
49 12
51 161
42 11
23 15
177 87
38 81
18 39
38 55
109 12
23 1
127 129
25 52
127 133
31 9
25 20
65 12
94 39
30 83
51 120
18 94
41 56
38 9
90 18
52 26
1 13
37 47
21 1
9 89
69 30
42 60
30 57
26 107
41 32
27 26
28 11
54 53
135 30
34 135
38 12
19 9
108 112
93 87
128 34
47 59
84 35
15 58
12 36
38 151
25 71
36 11
23 107
66 75
98 59
168 30
44 120
52 24
13 21
37 42
79 46
12 13
42 99
4 56
46 67
11 7
20 31
178 87
82 12
30 89
154 125
12 90
71 55
32 35
82 165
36 133
36 15
74 141
37 70
9 90
1 36
125 116
12 83
10 99
25 36
10 42
34 67
73 47
47 13
94 67
49 26
10 33
49 42
42 87
52 150
111 30
4 6
111 95
36 53
42 102
38 10
15 38
7 123
56 38
36 50
96 63
36 20
38 159
120 51
9 53
11 6
52 22
52 53
82 42
133 98
36 159
7 95
93 12
36 91
57 98
47 38
82 52
30 28
94 46
47 143
158 51
133 73
9 170
57 34
75 57
23 37
47 98
75 15
37 75
32 36
92 25
35 39
70 15
67 34
11 48
108 12
75 4
30 29
42 35
47 69
92 56
34 38
179 87
96 106
19 30
23 21
34 17
99 126
4 41
67 12
31 12
65 30
12 37
106 8
13 7
82 164
59 10
171 87
99 40
36 27
129 87
66 108
97 34
10 14
65 18
70 47
60 127
41 26
42 54
38 86
34 12
68 11
56 111
4 143
37 63
25 33
26 64
73 39
26 55
23 141
71 138
23 42
111 14
55 99
42 52
55 42
77 48
42 20
49 18
18 144
34 61
39 67
11 87
99 59
67 18
133 127
14 87
9 150
37 23
105 7
25 35
31 52
56 4
54 52
11 66
143 87
109 96
128 30
13 4
78 5
42 23
130 4
85 101
25 47
139 93
74 21
52 32
1 89
41 7
9 52
118 87
116 115
98 35
159 24
29 98
54 9
74 26
13 38
26 42
37 52
108 35
12 52
101 85
12 174
151 9
67 39
18 69
25 11
57 38
38 180
30 34
6 95
31 91
164 24
41 24
9 24
90 77
14 100
3 38
36 124
21 38
75 36
45 19
46 94
18 46
32 52
69 67
49 22
47 15
42 33
34 29
122 13
10 4
55 35
68 7
83 18
130 9
181 87
52 99
145 116
71 74
55 52
6 11
11 25
12 19
36 35
47 42
20 52
77 64
26 12
46 21
15 37
41 4
4 130
76 38
90 136
19 12
57 67
69 34
29 19
34 71
52 124
142 87
34 128
111 11
34 66
59 13
