183
0 1
1 2
3 4
5 6
7 8
9 10
11 12
5 13
14 15
16 17
18 19
20 21
22 23
24 25
26 27
5 28
29 30
31 32
33 34
35 36
37 38
39 40
41 42
43 33
44 10
15 45
38 37
46 47
48 49
11 50
14 51
52 53
54 55
56 15
0 57
58 57
11 59
29 60
61 27
62 26
44 63
39 64
65 39
35 59
27 23
66 67
68 50
51 35
19 69
70 53
68 71
5 72
73 74
75 76
77 50
78 12
79 73
26 80
0 9
23 25
81 82
60 71
5 83
15 17
84 85
62 54
86 17
87 88
0 21
65 89
26 90
19 91
74 92
68 4
21 11
74 93
94 95
29 96
82 73
87 97
98 6
45 73
55 24
99 16
100 73
6 18
2 32
70 95
65 11
81 54
9 101
102 103
44 24
68 73
1 18
104 105
11 106
30 107
69 26
44 96
98 21
24 93
32 6
5 34
78 23
65 108
11 32
71 5
54 47
37 95
109 76
69 71
41 110
68 5
15 11
111 91
112 91
36 113
11 101
93 107
61 114
81 25
87 73
38 76
91 57
115 5
29 33
89 73
61 20
13 10
15 40
98 23
26 114
116 23
2 117
103 95
31 58
108 105
26 118
75 114
112 119
57 118
51 31
91 84
13 18
70 92
70 120
34 121
105 122
119 73
109 123
100 112
87 124
68 76
78 125
78 57
126 25
81 127
68 57
51 128
31 5
92 129
61 105
5 97
77 49
130 107
65 98
30 18
75 28
19 100
131 92
132 51
20 7
133 56
3 25
5 45
3 0
30 73
28 51
61 116
7 21
28 73
3 18
116 134
1 15
26 71
113 8
26 30
28 0
125 135
56 28
55 34
28 136
18 116
33 122
16 47
2 8
36 130
66 137
34 4
11 5
29 26
61 33
20 138
98 11
133 80
56 11
6 110
24 26
139 4
116 40
28 21
1 140
13 65
32 49
87 5
34 73
102 104
6 33
8 1
5 105
100 105
45 40
28 46
33 9
77 73
60 96
0 7
84 49
84 13
141 6
16 142
60 95
16 50
51 5
71 57
68 115
11 126
21 133
69 23
138 80
70 57
38 18
0 93
7 40
108 24
143 54
27 57
144 110
113 32
47 142
130 5
31 73
130 50
48 145
81 75
132 105
7 32
1 120
92 50
141 76
75 3
20 95
98 7
69 74
146 147
13 49
125 93
49 73
54 114
148 50
74 64
78 20
36 64
87 129
66 47
51 11
46 8
62 143
114 73
96 63
5 11
87 149
11 74
13 114
105 99
104 87
74 126
45 104
29 27
112 26
130 69
74 4
67 131
27 124
150 73
6 40
32 17
31 27
55 4
104 55
151 116
58 17
68 30
58 92
73 114
84 93
79 102
59 47
9 41
20 133
31 2
86 79
33 27
5 8
116 126
96 49
51 40
26 129
34 50
2 93
78 141
109 120
111 5
0 152
6 31
1 69
78 74
133 57
32 27
61 106
16 26
5 71
60 29
5 91
44 110
1 33
3 120
55 72
24 23
26 153
2 21
125 110
133 31
7 107
22 124
133 118
125 50
84 111
38 33
21 1
126 24
5 135
37 78
46 154
7 93
102 71
142 131
75 15
91 49
155 73
71 55
114 24
15 39
24 41
62 105
62 2
99 25
116 45
18 71
69 77
15 14
71 50
98 57
141 65
75 20
133 142
105 65
88 156
32 46
87 50
16 57
35 109
39 73
61 126
68 43
101 7
15 48
111 25
33 57
51 18
133 71
80 100
78 37
32 157
15 1
69 107
48 17
31 49
37 101
61 129
92 114
104 54
24 4
96 158
54 95
92 149
7 142
138 81
64 25
0 28
19 107
105 159
65 160
38 39
132 28
112 12
138 2
161 47
116 30
61 57
125 124
73 24
36 124
141 79
45 124
91 104
0 26
7 73
3 33
46 79
1 40
6 37
111 65
132 50
108 63
74 145
155 59
11 8
141 11
86 131
11 44
131 122
102 50
61 30
151 124
46 157
0 162
11 163
26 39
73 135
14 20
61 26
75 0
33 85
58 34
48 50
2 124
28 56
41 73
136 32
141 95
1 141
51 116
21 124
144 42
5 49
19 92
5 139
93 76
109 139
21 31
22 64
36 15
84 118
164 16
151 5
29 92
76 107
36 67
107 57
141 143
61 45
51 120
75 29
36 93
34 110
103 17
109 39
81 57
30 2
37 15
157 105
32 78
152 110
19 73
7 0
30 55
115 96
125 57
72 23
141 33
96 37
14 1
112 102
75 140
96 57
78 32
41 95
6 0
114 93
100 96
1 57
79 86
3 40
25 114
35 18
81 1
1 14
25 34
36 17
65 13
138 0
7 157
27 126
134 57
141 40
51 150
70 71
22 116
105 73
96 1
102 59
32 145
15 115
51 63
73 119
105 59
0 104
86 69
26 163
5 77
57 110
132 11
161 142
22 110
54 107
44 129
3 105
111 93
15 159
37 41
44 5
19 57
26 87
155 131
21 37
21 112
122 131
54 96
66 59
26 152
78 110
14 75
59 50
87 41
1 125
48 115
65 54
0 110
80 55
43 9
3 24
101 26
141 67
26 91
99 50
5 108
81 68
80 105
15 28
36 31
79 131
33 165
66 131
9 24
13 107
39 129
5 166
5 129
104 29
29 104
21 93
1 114
103 73
2 114
105 44
105 152
51 7
33 71
167 81
51 95
15 95
132 54
78 126
108 73
71 26
2 57
15 116
14 103
15 130
5 116
15 168
141 32
125 149
132 1
36 85
101 47
1 105
103 14
109 130
78 51
6 63
47 59
102 17
154 102
133 94
141 36
1 23
59 161
102 107
77 76
29 116
7 104
125 85
73 5
51 39
81 91
132 3
102 19
51 57
14 73
86 29
136 87
112 83
102 44
87 110
26 101
87 93
39 74
81 76
133 26
27 158
169 142
45 25
164 76
11 55
91 71
9 96
116 39
72 57
39 10
30 76
54 120
105 129
15 142
109 59
170 142
32 104
31 95
46 120
21 94
148 73
143 59
85 57
108 26
151 104
30 64
71 44
100 40
13 84
24 85
37 119
7 31
62 109
25 41
151 82
98 118
29 39
53 128
112 153
55 85
91 125
45 95
14 7
61 54
69 73
73 134
125 116
116 152
55 104
45 145
5 29
38 65
79 10
71 11
30 65
15 94
91 18
19 74
102 134
0 132
37 157
39 30
5 30
113 95
83 26
111 95
70 105
154 65
95 23
33 96
98 115
113 21
32 109
103 71
108 118
103 33
57 121
109 40
94 105
51 124
102 152
21 5
7 111
63 53
126 95
0 118
15 145
32 115
11 67
106 74
144 11
15 56
13 85
14 31
148 33
112 40
102 95
63 91
64 73
102 10
34 107
150 72
132 56
63 107
112 37
116 129
102 112
90 4
36 41
100 50
149 145
152 34
40 99
39 134
19 160
39 110
5 134
113 31
81 118
93 41
30 87
0 30
138 129
52 154
62 141
24 126
124 27
6 98
111 71
38 83
20 81
57 101
112 25
51 6
78 85
0 51
64 74
6 101
120 31
20 126
46 141
39 80
109 10
73 12
132 67
18 63
88 145
132 133
144 95
154 142
65 71
70 59
99 29
113 50
14 171
111 107
96 55
107 85
77 65
151 33
51 56
78 92
46 36
36 6
112 101
51 17
172 128
15 9
27 80
162 73
112 95
0 111
61 74
98 25
5 39
147 142
43 74
98 40
84 107
63 120
54 102
125 118
81 107
94 102
96 40
2 132
144 25
21 104
55 91
8 81
81 15
133 8
138 152
33 107
57 42
134 25
56 50
21 141
8 73
31 14
99 96
36 92
83 105
19 27
121 119
112 124
126 49
38 9
151 73
43 50
32 123
19 48
86 95
45 4
63 19
21 80
1 160
102 126
26 76
55 121
51 85
151 65
102 74
87 18
116 55
61 73
136 157
22 50
32 133
7 30
112 92
112 0
87 134
36 114
20 143
15 104
20 116
78 5
132 21
102 76
22 134
91 107
20 65
25 134
7 18
138 116
93 50
55 20
103 102
109 34
54 143
111 84
96 84
117 73
130 71
16 25
5 111
68 18
77 105
87 104
15 12
27 73
55 101
80 173
116 29
15 137
72 73
78 17
66 86
125 139
39 107
81 11
26 135
112 96
51 25
63 54
165 120
21 15
125 87
37 34
142 73
37 110
138 73
13 27
19 63
133 84
132 73
124 64
18 174
45 12
81 40
126 93
15 2
58 74
21 28
151 152
28 20
15 50
45 24
81 131
61 63
87 44
141 21
138 114
131 142
105 87
93 114
154 122
77 26
86 59
25 64
7 5
75 95
116 158
35 62
57 76
171 137
35 139
54 25
112 30
105 25
79 120
99 65
15 91
44 97
109 85
148 128
2 5
116 5
83 39
35 48
21 50
96 101
61 55
158 76
20 132
3 71
29 107
104 152
125 156
74 24
40 39
130 41
132 63
21 91
9 118
81 78
86 165
31 71
31 114
105 37
89 50
81 104
16 164
15 126
130 84
11 91
95 40
101 95
69 18
102 78
57 26
55 49
61 95
31 36
110 73
112 139
55 129
75 59
136 28
28 155
26 42
132 24
80 127
1 78
94 33
5 92
100 19
70 26
129 57
22 45
54 142
141 81
44 23
112 39
68 107
141 50
2 7
0 75
88 49
116 84
61 96
131 16
31 118
32 31
25 110
65 112
141 27
24 95
77 109
39 102
69 25
153 73
98 131
0 142
48 59
54 23
65 116
149 87
36 40
133 113
32 158
11 140
13 41
154 86
78 25
27 121
91 121
73 104
25 85
60 34
38 80
130 110
37 54
46 30
7 25
27 76
7 26
102 142
113 62
13 17
73 42
22 114
109 107
30 71
20 141
23 124
96 107
5 149
84 57
16 93
158 96
112 118
91 93
21 6
84 71
49 175
109 50
118 73
37 26
78 15
22 121
75 56
60 152
20 15
25 42
93 49
39 84
102 25
65 91
116 151
15 163
30 84
96 97
103 50
69 55
108 154
58 101
80 76
158 112
100 65
15 88
5 152
19 18
6 50
102 93
58 95
57 5
75 171
173 127
81 71
32 35
165 102
124 55
16 5
74 76
60 69
36 71
111 73
36 10
46 23
56 133
171 132
44 57
46 50
132 70
65 100
79 105
60 145
63 80
112 167
21 23
113 157
36 81
86 123
165 75
35 13
87 153
139 119
6 92
11 1
172 50
86 53
134 106
93 23
29 80
14 141
19 95
74 17
68 101
6 24
142 53
148 142
102 145
54 16
24 134
87 123
33 150
43 59
65 110
107 93
27 96
0 14
0 63
0 18
39 114
51 12
68 139
168 87
37 36
105 77
0 25
73 25
5 69
69 114
37 96
41 71
96 142
71 95
31 120
11 57
61 39
125 166
38 50
105 108
112 18
15 26
1 73
112 55
96 166
87 40
28 15
77 80
158 18
136 62
68 137
99 107
39 71
44 9
29 95
20 57
116 118
51 171
81 129
116 124
129 92
19 12
56 101
68 84
69 12
99 84
26 139
165 86
27 26
51 86
25 57
78 101
26 72
21 25
21 26
51 15
18 114
51 114
36 35
121 73
116 96
91 39
20 63
157 31
1 96
46 131
51 33
8 2
65 63
32 7
138 96
8 125
39 83
5 73
171 75
40 82
38 5
36 143
60 131
22 40
100 92
44 87
24 64
79 33
21 45
159 120
32 128
108 145
87 34
62 11
132 160
44 105
35 73
176 53
102 24
20 82
45 110
80 91
111 74
11 73
36 37
36 23
32 56
31 113
13 25
3 73
6 73
32 105
21 49
7 14
1 0
116 121
149 7
8 37
65 154
86 105
133 15
54 71
42 110
104 5
11 114
164 105
83 5
60 65
110 85
63 157
86 73
69 143
148 47
124 134
132 35
30 145
40 116
26 12
65 77
133 65
63 86
55 139
158 85
60 50
106 114
36 95
85 34
27 55
63 20
96 153
130 36
35 76
16 12
5 107
157 131
34 41
5 106
28 24
99 17
7 71
123 142
95 57
7 6
21 2
1 76
56 32
31 23
51 107
138 91
132 8
27 116
39 65
89 71
57 129
71 107
13 73
50 114
87 71
120 33
61 12
5 167
136 93
65 22
109 5
73 126
148 157
83 29
21 40
15 110
6 21
83 37
6 26
11 83
67 79
37 57
26 64
32 51
59 155
13 92
70 142
84 73
25 95
105 102
46 57
177 15
39 111
0 112
74 57
21 20
124 25
143 36
45 85
65 46
143 73
7 23
80 82
15 4
132 0
60 105
116 95
100 80
56 107
14 160
171 51
13 50
124 110
48 142
158 129
169 122
33 110
32 21
33 134
96 7
73 45
54 41
51 81
141 131
5 32
78 81
3 10
70 157
20 136
33 26
5 18
5 101
151 26
36 107
1 81
18 107
65 125
107 73
39 97
65 73
30 97
83 38
73 18
45 26
81 168
62 57
43 53
32 26
0 157
99 55
32 18
28 114
144 73
144 93
0 71
3 36
110 57
0 6
29 65
74 95
99 57
22 97
142 123
29 105
30 95
55 57
109 18
75 131
77 102
86 50
6 7
62 73
132 101
26 116
96 32
69 27
80 30
6 39
34 85
102 4
39 96
18 5
165 71
96 110
102 106
54 69
13 111
125 25
57 71
2 30
51 76
152 73
28 57
15 76
78 36
91 65
45 49
32 57
105 82
47 120
58 25
66 142
86 47
20 103
63 160
108 96
39 116
29 40
48 141
96 100
29 25
20 28
72 25
55 76
2 6
0 23
45 116
132 2
20 71
63 40
3 81
19 50
77 95
27 39
63 116
3 15
132 81
103 36
1 6
39 29
28 81
109 23
79 95
33 99
157 73
35 15
124 74
45 134
1 31
151 2
138 57
11 116
37 124
38 107
44 62
162 51
66 10
78 129
87 25
40 0
51 115
73 85
109 168
34 71
58 5
34 84
116 57
16 178
5 118
68 120
55 166
61 5
42 73
78 116
46 2
136 162
40 77
122 33
112 107
99 63
116 107
36 0
109 142
90 145
1 116
114 74
81 32
116 85
38 26
36 2
6 80
48 92
105 145
0 113
7 34
13 95
116 119
103 81
133 73
78 8
32 81
63 27
87 105
87 95
26 4
54 72
109 25
55 74
55 87
32 93
125 40
0 29
87 179
55 149
156 145
150 134
54 104
133 21
8 133
3 107
98 107
70 101
125 91
136 102
61 102
55 110
169 105
58 121
67 137
156 88
38 49
26 145
5 90
19 102
89 44
3 57
31 116
40 114
54 110
113 115
79 160
30 57
26 49
107 71
134 74
5 80
44 11
161 50
19 101
71 69
93 73
87 17
161 120
96 87
73 118
133 51
80 107
99 9
38 95
9 91
78 73
142 154
96 44
133 59
51 27
37 18
48 105
46 28
15 21
51 21
6 49
54 29
69 95
32 120
21 74
124 72
55 142
65 151
92 55
3 104
51 101
13 5
60 120
8 160
165 65
102 156
5 110
157 50
142 121
109 17
44 101
36 109
109 92
65 26
106 24
73 110
118 129
81 35
51 49
91 73
14 46
11 104
37 19
51 178
11 49
154 108
132 138
61 80
141 113
81 3
138 84
15 160
60 73
51 74
15 74
81 121
32 164
29 91
26 119
75 142
48 113
87 114
37 102
112 64
6 105
51 142
6 95
104 145
5 104
11 63
141 15
79 50
34 135
172 38
0 80
8 21
0 46
37 104
96 18
1 49
1 155
54 15
48 62
55 116
113 6
21 34
104 73
37 0
81 84
141 20
63 152
0 12
45 64
22 93
98 0
21 160
32 107
29 44
125 39
33 120
136 110
62 74
6 2
108 5
143 32
96 72
36 94
3 50
78 21
5 50
6 104
162 32
168 73
51 50
11 40
70 73
8 51
73 30
36 59
43 105
103 25
83 55
105 125
11 139
44 29
96 10
52 105
0 20
62 130
35 17
2 46
8 26
141 9
96 29
75 7
81 51
15 117
141 46
48 120
18 25
6 141
107 40
36 74
122 52
20 107
125 74
28 11
90 50
81 28
103 12
73 95
20 1
81 140
39 34
13 71
81 50
90 87
91 80
98 49
102 80
6 71
102 83
87 152
98 87
96 19
14 28
130 57
133 20
26 25
102 37
33 40
98 50
25 72
20 51
152 74
61 91
13 26
136 96
20 98
1 5
15 92
40 112
96 85
176 73
54 57
15 93
44 71
33 73
96 64
73 23
70 74
3 26
26 110
9 71
131 79
73 50
35 81
56 2
55 64
58 31
83 27
21 95
56 141
5 23
51 24
103 20
39 5
78 71
70 10
55 90
96 129
11 79
61 150
80 39
44 89
102 73
36 129
32 58
11 78
69 105
102 87
37 107
20 166
33 29
20 73
139 73
113 25
27 93
107 95
5 133
131 10
6 145
15 54
51 80
113 18
68 132
54 26
96 54
44 118
93 17
75 80
22 87
93 92
38 10
36 11
57 85
95 107
87 121
5 95
0 41
51 100
6 23
33 116
129 18
30 40
124 24
37 6
73 71
44 104
62 44
5 156
136 71
24 45
132 61
115 15
71 136
141 56
54 116
111 87
32 47
73 121
20 160
44 26
20 96
102 94
26 93
102 118
74 114
15 140
5 2
76 17
105 101
21 142
36 65
91 111
1 26
79 65
36 50
11 112
136 84
131 161
116 74
0 101
11 118
27 83
144 5
0 5
45 152
43 148
93 118
48 119
65 19
56 160
36 118
32 34
171 14
15 101
75 132
44 22
131 157
26 85
51 73
43 49
141 161
148 86
105 4
129 71
84 54
103 44
51 162
40 54
32 76
22 95
127 173
32 48
180 177
51 118
125 97
74 72
150 4
39 26
62 63
5 102
112 74
27 99
32 141
150 95
63 95
68 110
20 56
16 105
154 46
105 27
132 75
48 12
125 55
54 85
43 147
15 10
114 134
27 95
54 17
91 114
115 91
44 149
98 93
58 110
105 95
169 154
104 102
3 75
5 24
2 107
113 35
22 25
21 51
26 126
22 26
28 107
124 95
36 30
44 18
5 93
158 73
33 89
63 74
70 29
82 92
138 32
145 106
96 76
169 177
28 132
85 110
32 114
73 93
55 97
78 97
32 71
44 72
27 25
31 107
44 12
35 84
74 34
91 30
58 76
33 65
7 120
44 139
26 65
54 105
54 18
124 23
171 92
63 79
62 79
138 52
83 116
133 95
92 131
21 36
31 57
109 145
48 21
44 40
112 27
36 57
125 114
6 12
53 120
29 69
91 83
77 107
122 154
102 141
119 139
29 24
83 150
30 0
129 73
138 23
18 23
105 155
73 124
94 73
51 160
68 109
120 57
48 139
51 163
15 73
15 111
26 158
63 59
78 95
155 79
5 12
106 134
46 132
59 128
7 96
133 141
103 23
15 36
58 107
150 83
27 74
7 95
96 104
83 91
144 40
38 105
98 20
19 5
144 125
51 132
15 177
65 31
165 10
22 156
133 63
19 99
103 79
114 25
143 69
109 60
63 81
73 41
68 106
103 27
31 142
109 71
91 95
96 71
96 180
100 95
69 54
56 20
125 90
42 85
111 26
136 20
11 134
30 149
133 112
169 50
61 134
164 142
158 39
83 104
96 42
24 49
124 114
141 78
11 18
33 139
18 44
74 107
11 28
162 46
102 62
81 7
81 34
15 80
87 107
11 93
5 33
18 74
148 120
80 11
14 50
73 26
24 57
99 19
22 149
16 73
132 57
138 29
152 26
22 144
0 81
42 57
75 26
91 92
63 57
103 157
0 2
38 93
45 129
39 87
13 152
30 93
46 162
61 15
159 105
103 29
32 101
13 91
109 13
138 26
109 95
0 27
68 62
130 73
116 114
65 165
15 20
132 80
141 63
78 124
96 26
33 128
14 0
54 19
15 27
96 65
36 26
31 46
37 21
2 26
164 50
96 139
0 95
28 7
133 1
33 104
26 104
81 36
109 118
7 36
92 76
23 72
60 36
147 59
5 119
58 85
100 71
46 32
56 93
171 59
19 116
0 141
136 115
19 120
30 153
36 21
30 45
57 41
33 5
96 62
25 23
66 37
8 25
65 16
45 5
32 14
21 27
76 50
2 178
98 66
74 85
21 48
66 157
109 12
103 26
40 51
32 162
60 116
33 44
75 14
6 32
68 45
3 29
59 143
169 59
24 114
35 115
44 42
81 4
39 55
0 92
40 73
102 65
149 135
15 114
96 118
77 83
93 71
32 23
60 10
120 76
22 17
93 57
55 135
29 86
46 101
7 81
0 65
99 27
72 74
115 84
51 91
105 114
142 59
105 118
84 110
77 44
68 81
68 140
128 76
167 5
136 70
102 61
171 73
131 66
94 50
9 5
122 169
83 77
71 102
5 61
30 4
91 116
11 56
51 61
36 24
65 21
132 131
63 11
48 133
9 38
33 54
164 73
39 112
81 8
11 98
0 11
83 102
45 30
1 82
73 34
13 110
38 71
86 40
19 76
63 30
32 73
65 0
5 126
46 142
26 24
90 135
30 121
9 49
54 139
37 114
134 24
74 106
85 84
109 62
65 78
78 40
128 59
96 145
86 62
30 26
110 42
138 8
49 149
6 142
32 25
90 95
99 40
2 50
60 26
105 79
114 18
150 45
99 95
111 96
45 118
149 49
113 141
11 100
5 74
11 149
43 73
136 94
125 73
28 133
102 27
42 41
43 15
30 39
148 127
73 57
49 4
16 94
141 8
45 50
61 51
96 93
113 36
104 27
85 107
113 114
51 34
61 67
11 110
36 7
133 160
78 65
114 57
22 125
55 65
109 41
33 47
3 96
30 90
3 82
44 19
96 143
66 161
44 95
0 78
112 65
81 116
9 57
1 32
44 152
30 166
58 50
27 84
134 73
48 19
28 18
116 106
11 0
52 128
55 126
35 101
26 156
55 107
131 120
48 35
11 41
22 74
102 38
144 65
30 85
0 31
20 61
44 99
26 95
154 169
62 7
99 80
80 50
112 11
45 80
87 92
116 93
112 106
99 5
159 109
112 84
77 33
113 81
103 84
8 106
141 107
43 170
105 40
125 65
81 110
32 11
77 55
73 64
38 112
38 104
68 87
22 49
149 97
99 93
30 104
60 84
2 150
55 153
95 73
124 5
125 134
125 41
126 135
108 57
29 93
33 101
32 40
31 35
77 96
96 34
112 23
81 17
105 86
22 11
104 44
65 93
16 107
141 26
133 115
29 57
2 31
36 105
60 54
19 84
9 4
125 126
130 19
28 75
36 116
138 5
167 73
141 128
37 25
78 160
84 116
70 28
59 73
51 134
15 103
144 44
100 107
30 21
106 73
113 17
87 4
28 105
44 114
0 151
7 57
66 179
102 40
162 136
22 65
87 49
99 118
20 85
154 131
156 73
40 11
19 23
73 156
31 7
28 5
27 107
18 87
124 129
77 40
7 101
38 172
31 40
96 27
81 169
111 50
57 95
5 121
46 21
9 65
109 57
56 162
43 142
167 116
18 125
68 114
5 64
148 92
105 107
35 57
11 160
86 142
61 71
14 132
126 4
15 49
51 78
8 114
96 25
19 114
98 15
66 128
39 106
13 57
22 4
61 160
69 40
138 142
54 118
11 34
44 73
48 104
51 138
55 23
134 114
142 147
32 59
109 115
48 157
2 20
20 33
7 86
116 34
158 26
132 20
31 65
15 84
26 121
22 73
30 5
151 87
99 26
36 101
15 18
133 14
34 25
63 44
34 26
51 167
162 21
84 29
116 92
103 54
100 5
86 154
77 93
44 65
3 30
22 145
8 141
55 84
75 51
99 44
162 181
27 44
113 101
11 72
35 40
133 100
3 7
43 180
80 5
107 34
25 18
130 95
1 25
61 25
21 65
70 136
100 101
48 71
29 99
54 84
102 39
11 10
6 93
11 36
124 73
125 106
38 102
6 116
99 18
51 93
84 55
150 116
20 134
133 101
133 32
112 145
19 9
21 71
22 57
142 47
37 71
37 134
169 147
27 104
74 29
103 120
36 49
38 120
22 44
31 105
75 5
111 57
20 40
63 23
63 24
19 24
27 33
37 93
112 71
2 15
102 121
63 18
80 83
22 82
70 50
65 20
11 144
105 164
100 79
58 29
55 18
13 129
73 149
22 104
2 81
73 97
96 152
7 46
13 40
51 71
87 119
8 5
144 85
136 17
162 76
21 41
51 55
116 18
164 59
37 118
71 73
73 72
14 61
84 27
46 81
34 42
11 81
6 41
39 145
73 76
45 39
6 96
77 17
81 18
120 161
103 62
92 71
87 26
20 3
20 26
87 74
35 79
1 75
105 157
102 105
34 57
11 129
36 72
20 42
80 116
80 38
36 78
6 57
84 25
150 30
8 36
69 85
33 69
2 0
36 139
120 73
65 36
44 34
158 10
19 40
81 12
131 154
102 12
73 107
74 134
81 137
84 12
43 79
75 18
14 76
2 36
27 72
125 10
51 144
138 107
65 60
48 73
84 39
20 80
170 59
48 118
29 54
118 71
73 87
112 29
37 85
18 72
7 2
176 76
71 77
109 74
113 15
112 104
20 79
158 55
16 10
3 160
55 25
77 92
75 81
58 23
8 75
36 131
118 65
112 33
68 92
55 80
96 131
105 38
16 92
30 12
149 65
78 18
75 165
33 41
81 101
3 12
68 23
9 26
18 30
32 96
138 21
11 152
25 93
150 82
112 57
132 15
132 171
14 138
99 73
51 0
28 14
138 76
161 92
25 107
13 29
54 24
100 11
98 18
148 53
15 59
151 125
15 78
81 24
37 161
11 133
35 91
43 157
48 8
62 33
3 20
68 95
26 149
143 96
37 112
20 118
93 124
171 15
0 56
108 10
130 6
51 157
6 107
158 114
155 50
32 12
87 139
128 50
51 30
105 92
2 95
37 73
32 50
61 107
70 94
65 133
91 29
158 92
182 148
65 141
84 64
39 124
20 46
116 27
133 76
99 131
55 106
21 78
103 15
32 15
132 14
74 5
28 40
80 27
96 15
162 0
161 59
56 0
68 25
57 12
61 36
68 26
81 27
20 23
59 142
56 1
181 145
19 54
63 92
6 36
116 64
26 92
52 148
52 142
40 37
57 25
26 40
68 74
57 40
11 124
44 107
26 18
37 50
55 50
87 106
5 25
1 50
1 95
112 5
96 112
105 9
96 17
33 126
11 142
5 63
44 27
25 40
44 50
151 39
78 80
39 93
122 105
81 66
33 10
57 145
51 69
0 140
109 93
96 95
1 27
161 66
44 76
105 24
8 15
40 20
125 95
71 116
131 59
144 41
138 56
54 160
20 30
175 49
98 52
6 5
151 45
136 26
1 56
9 50
78 107
54 124
78 26
25 124
20 110
37 129
27 110
92 23
60 109
104 91
16 65
11 14
33 39
130 54
32 95
113 65
180 131
6 178
55 145
55 124
0 24
124 107
54 157
30 112
150 166
11 138
73 153
74 40
71 112
149 92
26 57
181 162
19 55
54 74
0 39
141 66
3 5
20 78
44 74
136 30
33 80
78 76
13 42
56 81
130 109
111 39
114 50
44 30
97 50
16 131
118 18
87 12
141 5
81 80
14 167
112 50
37 23
84 34
61 24
55 27
51 36
143 111
154 157
72 110
31 0
75 67
162 160
68 40
92 73
170 47
132 162
60 62
123 120
63 101
83 65
51 75
102 18
62 102
30 29
18 65
51 2
81 167
53 155
156 49
81 26
87 57
109 111
46 7
54 27
102 54
105 57
85 74
73 145
51 66
5 40
75 1
103 131
51 8
133 28
110 41
16 176
63 104
57 124
87 42
110 34
99 101
0 96
37 125
7 177
46 73
83 11
95 93
28 142
7 160
71 129
111 110
27 5
111 134
42 95
9 25
91 55
143 21
6 25
96 99
87 64
65 51
144 29
132 78
26 73
60 33
0 114
54 93
75 50
48 121
24 110
129 76
55 93
34 93
39 23
29 22
102 79
117 2
101 40
32 143
110 25
35 107
8 32
51 59
103 101
59 147
112 80
112 34
11 107
0 87
102 77
29 5
91 26
37 142
128 53
104 97
96 74
27 102
78 34
54 40
39 27
16 59
35 56
78 91
36 141
3 95
111 23
62 120
155 17
20 93
102 96
105 26
20 92
39 95
132 136
105 74
28 26
73 40
27 29
69 57
3 124
81 14
100 57
11 132
125 29
112 129
36 8
91 40
36 115
130 4
25 73
92 17
83 44
45 97
6 15
93 95
132 103
105 29
109 26
99 12
138 27
33 93
148 122
33 63
169 137
81 46
71 41
108 95
29 84
81 96
19 79
33 24
144 134
133 131
167 137
15 138
132 31
46 0
0 97
104 83
75 160
92 26
69 96
54 33
37 72
28 36
168 109
7 149
49 57
29 71
65 144
99 49
24 107
162 178
5 151
44 85
20 0
51 169
138 11
44 17
78 118
91 5
161 10
99 76
82 50
26 41
36 25
132 7
18 73
51 102
68 93
20 2
75 57
38 4
112 152
20 55
105 5
71 18
102 165
88 73
123 86
15 133
9 44
111 116
161 128
51 20
56 73
40 124
103 76
7 74
74 73
11 51
5 19
126 26
21 35
8 78
87 23
105 120
33 129
30 50
54 12
92 65
99 33
18 11
12 73
87 145
116 26
30 134
81 93
100 26
48 84
109 84
103 94
27 13
104 71
18 129
80 26
27 152
15 171
44 25
62 133
44 144
132 140
67 73
11 85
108 50
63 55
0 129
124 26
63 5
40 103
61 157
132 141
33 142
144 22
116 80
131 50
57 72
44 49
107 118
33 179
68 157
125 71
71 65
26 96
31 96
83 79
68 29
21 143
44 93
138 14
96 50
150 156
113 10
83 80
137 120
150 33
66 50
65 102
138 50
11 6
77 74
111 114
136 36
35 104
30 74
58 62
79 17
38 29
20 114
5 100
79 107
130 63
70 17
96 33
19 44
138 111
13 39
20 49
0 117
1 145
5 1
131 67
32 55
103 115
124 40
132 98
32 2
63 93
0 74
81 133
113 96
109 105
103 6
18 57
6 27
38 101
105 33
98 31
58 131
19 96
21 14
45 107
3 118
113 107
30 126
158 125
21 32
133 93
38 73
46 14
62 100
30 80
21 73
63 26
5 57
14 32
148 10
138 15
39 57
69 104
5 37
46 66
157 148
43 114
170 53
144 57
125 145
56 40
144 71
126 145
6 129
39 85
85 42
116 104
13 34
26 55
96 12
125 12
78 50
155 53
36 12
54 92
2 74
36 32
77 5
15 32
20 87
20 75
21 85
132 36
33 158
31 50
113 0
26 107
125 4
55 71
37 105
26 97
114 23
75 136
105 12
63 96
31 26
5 87
1 8
20 104
11 168
124 57
57 114
157 47
71 118
28 101
74 110
96 80
98 65
174 18
19 118
93 40
123 17
169 81
138 9
162 143
115 9
102 57
75 138
37 8
44 33
34 74
171 53
148 52
19 37
15 31
125 42
11 62
2 24
9 105
9 73
35 12
167 30
92 29
120 50
116 88
29 144
65 113
50 107
43 104
55 119
6 78
41 107
60 143
0 15
109 96
109 104
8 0
51 37
6 114
113 94
24 106
87 118
44 102
108 65
55 41
43 68
144 34
125 78
65 83
36 104
39 49
31 21
93 65
19 93
96 106
3 46
35 50
165 33
150 5
75 8
157 154
144 114
105 165
102 114
92 91
61 11
130 55
5 65
32 5
78 102
97 73
116 73
116 125
167 14
125 152
21 115
7 12
98 36
55 152
33 59
39 45
63 65
98 14
25 74
5 27
20 124
108 25
2 134
87 120
105 49
133 47
36 160
15 35
169 131
112 93
40 69
48 15
0 91
50 73
71 111
8 132
103 111
38 17
81 160
55 134
104 26
15 37
113 73
0 40
99 92
21 114
125 18
55 88
141 84
145 73
9 92
5 4
116 25
33 180
7 20
22 166
105 104
63 25
31 6
96 39
120 49
81 149
89 152
27 64
20 50
26 134
133 81
58 142
51 32
96 73
116 65
39 126
151 30
7 15
129 107
80 29
20 27
12 17
138 51
143 103
100 17
172 142
32 113
26 74
15 125
29 83
81 73
59 105
22 107
68 15
182 105
109 114
51 110
33 152
138 20
37 63
33 151
105 71
136 25
1 11
162 132
44 83
74 71
55 73
36 84
130 96
33 52
148 59
21 116
141 14
87 135
78 0
30 49
19 65
49 87
11 17
9 74
63 37
32 160
27 112
113 93
113 48
3 14
105 84
137 15
16 157
133 11
141 133
1 21
0 8
33 105
2 73
112 126
38 79
133 35
21 110
75 73
71 29
96 23
125 72
81 5
93 74
111 106
130 12
19 71
112 121
19 33
93 121
5 78
7 91
78 1
73 4
0 107
15 7
122 148
1 101
30 116
182 131
37 152
130 25
105 23
37 74
14 133
130 40
15 107
68 51
77 112
103 91
19 105
165 128
105 30
69 93
125 119
141 160
124 145
71 96
81 0
62 86
144 107
65 9
68 104
69 101
132 5
57 74
155 123
21 7
98 73
15 129
30 24
31 92
103 160
21 107
141 159
70 79
54 50
92 10
63 33
65 96
21 24
60 85
179 145
5 124
102 120
52 122
136 73
61 132
83 112
141 102
81 97
11 25
51 26
46 59
20 18
8 46
116 49
148 170
74 49
27 129
33 79
98 71
0 73
8 40
57 97
48 109
38 40
65 118
138 95
72 41
102 23
102 154
70 131
46 20
33 112
6 130
8 11
5 38
133 96
158 27
6 84
11 61
130 81
11 53
22 18
15 5
39 25
20 102
30 25
100 27
15 134
130 42
125 112
69 64
102 5
36 91
22 30
93 18
0 160
108 129
48 31
78 104
165 123
116 110
103 105
39 91
93 25
1 131
158 25
77 57
61 50
132 143
55 40
19 104
45 57
57 134
37 83
99 91
78 114
37 139
138 92
66 92
1 7
63 142
11 21
15 0
90 107
35 21
103 96
21 134
81 56
73 166
24 124
20 140
8 71
103 13
85 145
1 71
67 50
109 158
84 91
50 76
116 97
26 106
132 33
93 145
172 59
9 40
87 10
100 114
109 49
99 105
96 116
66 141
30 124
46 76
86 120
27 40
21 42
0 32
0 84
21 0
77 23
15 30
5 44
40 107
116 91
74 23
48 107
30 23
29 73
12 50
167 112
11 64
36 34
163 134
21 57
92 5
22 5
78 41
41 76
114 124
91 129
68 72
30 92
87 168
78 45
125 121
29 112
58 119
8 30
62 19
125 34
18 78
108 80
162 56
8 113
141 71
103 143
54 158
21 30
46 56
26 34
11 65
39 104
96 114
74 118
30 135
154 52
15 141
36 110
15 57
2 1
19 125
132 46
36 142
124 49
78 24
78 93
11 71
28 112
25 24
30 91
71 33
48 76
150 26
96 77
1 107
109 77
32 8
1 133
36 73
68 33
143 57
111 118
96 111
51 65
2 23
24 74
130 26
74 25
126 74
45 149
58 73
85 23
51 68
129 118
63 73
109 131
107 97
2 56
15 24
93 4
89 33
25 152
15 71
68 49
55 118
14 81
21 162
55 114
132 68
37 66
136 95
112 24
65 5
0 37
3 34
46 5
30 96
131 86
44 84
65 33
46 65
31 15
68 94
89 65
54 59
124 93
57 93
53 142
54 101
32 118
144 26
172 119
40 95
25 87
15 81
13 145
105 52
47 53
48 32
23 114
22 80
28 59
33 118
36 87
132 26
51 96
87 85
81 141
1 20
41 57
125 64
32 36
46 15
11 15
85 25
81 112
40 2
120 86
24 73
44 134
134 163
87 11
141 73
14 11
69 29
161 86
19 17
81 95
112 97
37 80
161 131
78 6
65 29
65 37
150 124
164 95
81 20
60 5
81 136
68 17
110 72
32 0
81 138
5 179
81 132
73 106
65 30
78 30
22 12
6 11
109 73
108 114
46 6
141 31
22 72
8 7
74 104
6 46
141 105
51 141
38 57
77 129
90 73
150 88
57 49
29 74
67 141
155 171
20 29
81 23
133 132
133 50
112 73
35 95
65 55
130 15
115 35
103 107
169 73
29 134
7 17
11 95
75 17
96 41
11 145
22 118
90 49
96 102
16 99
55 42
69 5
36 18
63 12
30 114
34 97
170 128
65 105
55 39
68 145
11 141
112 49
83 73
9 95
114 106
65 38
69 118
73 49
138 18
52 5
11 153
73 139
26 23
78 11
155 105
20 14
126 73
109 91
43 8
96 121
32 74
21 8
51 28
149 50
57 107
66 120
20 24
71 10
138 45
28 71
99 13
96 59
15 6
44 80
54 63
54 134
29 129
98 95
81 67
27 34
20 5
43 21
54 65
31 141
54 5
120 66
36 121
26 124
103 40
2 40
33 77
116 71
7 50
63 129
60 25
65 44
125 104
134 95
42 25
11 26
15 8
62 160
15 106
63 71
28 50
36 5
38 74
5 9
85 73
20 11
136 81
182 50
19 25
71 37
19 26
132 32
119 121
182 120
109 110
59 120
11 80
18 118
13 55
112 77
28 23
77 71
51 23
11 24
15 23
51 140
44 77
24 5
5 54
21 118
22 29
165 105
26 166
150 55
59 131
99 71
51 14
61 14
112 114
11 22
102 92
143 27
26 50
15 64
33 50
37 40
57 23
143 20
51 133
138 75
157 66
44 41
48 96
112 116
26 45
69 33
93 29
19 49
5 52
81 63
113 56
33 49
68 67
167 26
133 5
15 118
54 34
0 49
25 126
52 33
13 12
11 20
51 72
5 85
0 36
54 73
141 142
33 55
158 50
87 166
46 31
103 57
5 60
32 92
8 93
105 50
31 151
55 95
16 76
71 99
158 107
124 106
148 79
55 12
87 72
39 163
93 85
130 27
9 129
5 114
85 93
55 17
113 76
37 65
116 24
37 5
48 18
63 84
111 49
79 76
61 0
27 85
73 116
3 93
131 128
57 73
124 104
15 25
86 76
131 155
60 57
