182
0 1
2 3
4 5
6 7
8 9
10 11
12 13
14 15
16 17
18 19
20 21
22 23
5 24
25 23
5 10
26 27
2 28
0 29
30 31
32 33
34 24
35 36
37 38
8 39
20 40
41 23
42 43
4 44
12 28
4 0
45 28
46 24
47 20
48 0
15 49
27 10
50 51
52 53
7 6
54 50
1 15
55 56
27 54
57 58
35 59
35 60
61 37
62 63
0 51
31 58
64 9
23 65
66 67
4 68
23 12
69 14
65 41
42 70
22 71
72 73
65 0
37 31
9 38
74 75
12 14
23 37
76 35
4 41
77 78
9 79
14 13
5 13
2 31
80 7
81 4
27 71
41 24
41 9
26 82
83 84
37 61
56 54
13 43
85 56
86 58
10 74
34 84
61 28
26 11
51 7
87 88
89 5
90 91
4 22
13 8
63 43
10 34
37 90
38 51
92 69
93 14
94 6
65 37
95 96
97 98
51 80
99 24
23 43
54 34
56 8
51 100
13 100
65 4
93 41
61 101
4 11
51 92
102 56
7 38
63 103
38 70
104 7
32 35
51 37
86 66
61 43
105 89
54 13
11 84
38 71
50 0
106 35
31 70
97 43
4 23
0 99
70 51
63 72
9 93
37 50
61 31
0 101
50 24
15 98
54 29
37 107
71 54
94 108
61 24
12 51
66 61
73 109
8 7
60 36
110 51
51 58
111 35
104 68
20 43
112 69
54 31
95 31
47 40
51 65
113 67
94 2
61 70
114 83
38 68
10 69
4 115
110 15
25 42
111 116
117 13
45 101
22 0
6 93
93 69
104 4
38 23
104 118
20 47
23 81
37 81
38 65
119 55
58 13
16 64
5 22
51 68
45 25
120 54
14 69
35 96
91 0
121 122
16 81
94 20
14 4
123 0
124 125
112 24
10 54
80 68
82 33
97 123
126 54
12 84
9 24
23 0
23 9
97 4
127 103
38 50
94 46
22 69
68 25
98 128
81 24
129 130
65 1
51 1
64 28
29 54
38 6
28 51
97 61
99 95
70 50
131 54
93 9
54 132
51 133
97 83
28 100
65 101
65 45
134 54
0 34
9 14
31 15
87 32
13 104
93 65
64 17
135 24
51 6
28 45
136 13
58 61
42 89
17 16
91 24
35 72
48 71
57 3
69 4
50 99
107 35
137 35
76 138
71 12
12 124
91 97
42 71
139 83
121 140
70 28
54 4
141 3
123 34
94 142
94 135
123 39
46 138
35 77
69 124
14 22
80 6
34 69
65 24
70 0
97 124
6 68
24 98
1 38
84 39
60 47
110 70
68 38
81 45
101 68
93 68
104 38
98 95
81 13
4 38
54 39
34 66
50 71
65 70
112 0
5 54
87 54
112 129
35 138
7 28
69 6
24 31
17 28
90 1
67 34
64 98
4 126
97 96
121 143
12 125
42 23
131 23
24 64
77 60
45 13
144 24
9 129
54 128
49 145
63 146
87 98
48 97
67 24
123 9
97 29
70 31
134 56
107 133
54 0
0 12
45 22
83 139
47 94
57 64
23 31
130 0
142 4
10 5
130 35
97 48
28 33
54 82
24 69
147 118
47 89
129 2
4 31
97 24
23 45
111 121
12 97
107 38
128 16
11 14
14 12
19 43
15 68
86 128
24 70
124 22
123 24
80 4
76 114
45 41
1 69
29 13
7 93
8 56
98 24
94 10
130 43
148 46
65 25
31 97
75 11
35 24
123 37
1 91
20 103
66 107
104 35
13 70
51 43
84 11
15 24
55 60
54 26
67 118
15 6
94 117
55 119
28 128
54 11
63 145
148 11
114 149
20 138
137 102
94 150
20 89
13 24
31 40
130 105
1 97
4 28
130 129
31 51
32 19
70 14
135 13
41 38
83 38
51 132
148 24
109 72
67 31
18 121
35 118
14 101
9 70
16 24
151 33
62 72
136 24
97 7
54 30
1 67
45 149
58 37
11 32
144 152
93 86
84 22
13 54
13 101
69 31
37 124
66 38
70 23
31 37
71 0
9 23
135 3
7 3
67 98
71 48
93 6
66 58
51 61
99 118
17 14
51 4
126 70
14 24
84 153
129 46
136 154
69 15
78 102
31 1
28 54
80 104
22 41
12 67
155 3
137 142
23 1
123 51
156 56
27 148
151 118
0 70
76 68
58 15
34 54
93 104
0 95
82 157
91 45
65 91
95 99
16 37
121 78
129 9
51 104
75 43
104 9
92 98
58 69
82 35
4 112
38 97
158 136
12 69
22 12
27 37
123 12
97 95
4 132
7 29
81 22
84 4
159 43
34 95
80 51
36 43
38 104
54 98
28 2
84 37
98 118
24 29
86 0
77 102
84 123
80 86
15 12
160 143
9 68
144 36
4 123
31 22
102 119
51 13
126 43
97 38
11 54
72 62
28 11
93 22
114 97
64 7
130 13
59 43
91 69
65 99
60 145
4 142
112 43
104 61
1 71
4 61
93 15
7 124
27 35
15 104
65 22
97 70
12 81
42 68
54 10
97 15
12 123
95 101
38 86
16 23
113 70
70 93
20 94
93 58
54 61
26 0
161 35
15 69
9 50
4 66
137 55
10 0
37 45
6 9
37 66
84 24
12 132
162 111
15 3
37 25
61 128
104 24
76 97
87 76
13 29
56 12
23 22
128 24
161 138
30 84
5 46
24 4
39 8
57 51
116 162
20 163
37 69
56 110
61 1
12 50
14 44
148 29
50 68
66 1
164 34
11 69
4 69
144 158
19 53
4 110
51 107
4 91
26 19
26 54
84 27
41 104
1 107
84 101
66 93
153 71
37 98
105 32
140 36
28 44
135 43
7 43
13 0
12 23
116 121
54 9
13 15
136 36
13 165
131 148
29 0
25 13
23 124
93 7
97 28
84 8
9 126
51 23
9 57
102 77
76 22
124 13
24 61
82 118
94 137
145 33
9 110
28 166
128 86
45 132
126 45
63 36
100 61
84 26
50 13
110 0
25 4
101 54
102 55
30 151
92 33
45 42
71 23
62 24
9 41
23 16
97 3
12 71
51 67
41 93
126 51
70 65
104 15
66 99
93 1
69 29
61 14
84 83
54 45
51 42
61 104
61 54
13 7
84 61
14 23
124 24
37 123
12 38
1 80
58 31
130 142
10 24
126 96
7 69
11 64
16 7
7 101
135 94
25 65
37 4
20 121
61 29
47 138
133 15
7 1
97 17
156 35
51 56
9 31
69 37
38 45
42 12
28 7
95 56
7 98
114 13
94 66
65 6
129 11
167 43
38 80
66 79
41 91
85 35
25 93
54 70
123 7
23 41
9 123
155 101
144 33
51 45
1 6
51 9
91 6
44 51
13 9
39 34
6 23
102 63
44 28
45 14
27 13
41 81
84 51
42 41
14 45
141 24
9 132
54 24
66 69
97 93
67 110
142 137
28 31
10 168
9 1
51 123
23 91
22 9
56 67
119 137
8 95
82 52
123 97
14 51
91 124
92 51
65 12
23 64
76 149
67 7
44 15
84 5
30 46
4 71
7 61
84 97
0 54
12 6
63 78
69 24
9 8
37 42
2 54
28 86
13 31
12 68
51 93
123 110
7 123
47 21
13 14
100 8
22 14
17 128
70 7
4 20
38 118
14 28
168 3
169 43
60 35
47 163
97 50
34 117
130 11
38 93
56 156
10 138
80 24
99 68
84 98
81 12
113 4
137 33
13 95
54 86
5 130
34 8
74 118
66 54
5 61
63 96
22 124
50 84
68 51
7 64
5 26
63 33
104 51
67 13
70 13
63 165
10 22
37 70
4 125
141 33
66 22
51 110
6 4
112 59
31 69
13 28
30 118
15 17
20 141
41 68
5 2
58 128
23 24
37 24
56 146
93 64
37 23
28 21
133 107
9 71
66 42
49 165
150 13
45 38
10 43
134 72
51 124
14 93
12 22
86 38
1 104
89 3
100 128
61 58
104 37
23 104
81 71
12 56
34 96
38 12
4 24
13 128
44 58
7 100
70 42
25 12
97 0
41 65
84 170
100 34
3 59
9 37
47 145
25 45
22 4
93 51
121 171
68 1
78 77
4 1
51 12
76 84
104 1
30 24
97 128
41 22
7 104
76 71
67 0
81 51
26 94
92 58
12 25
28 97
22 132
44 90
64 88
76 24
128 58
47 35
34 0
66 70
94 110
80 12
47 102
52 82
66 71
66 86
9 4
32 165
137 172
65 68
61 22
66 24
57 24
50 38
17 69
24 16
66 64
163 10
91 22
142 76
31 38
6 35
2 129
41 70
6 31
95 40
126 33
100 28
7 16
7 9
25 22
1 68
46 101
28 130
7 24
1 123
35 3
20 29
104 6
9 7
148 101
111 122
144 136
9 42
44 37
7 14
66 101
15 95
42 93
162 3
44 4
99 12
12 70
104 43
12 107
0 22
110 50
129 86
151 138
4 37
116 166
9 45
35 151
41 16
47 43
41 89
97 150
52 27
45 4
84 68
13 61
1 93
54 2
37 22
45 37
1 22
155 13
65 69
61 35
6 69
13 129
67 15
16 31
41 1
148 23
24 0
39 129
64 54
104 31
84 30
50 70
121 145
102 33
133 3
5 31
2 13
100 7
93 31
133 7
56 85
101 14
133 24
24 22
54 69
7 13
2 11
71 110
51 31
25 68
51 41
81 28
129 76
38 69
12 101
66 9
60 20
129 10
124 70
42 4
28 129
89 130
121 111
14 95
9 28
22 15
15 51
93 12
38 0
77 55
2 128
68 124
32 25
7 97
93 13
6 41
84 138
4 57
130 32
63 157
23 58
124 12
130 98
65 132
26 5
97 12
11 24
102 78
51 38
27 138
19 144
37 14
87 13
80 69
7 164
86 37
71 29
63 3
37 41
56 102
12 66
114 71
0 43
51 28
124 14
81 0
84 149
15 31
66 104
67 100
1 24
138 35
18 173
23 3
5 3
4 149
98 33
80 1
58 93
56 78
98 64
24 128
66 133
86 24
116 111
150 48
144 34
157 102
11 26
24 95
91 1
174 36
64 128
104 13
66 6
98 0
61 64
84 13
66 23
17 24
15 13
163 20
13 51
41 14
57 9
123 100
27 112
39 51
24 67
128 97
102 157
9 15
29 148
108 46
16 43
29 24
82 138
56 10
121 47
16 128
22 24
121 35
64 61
65 97
4 80
41 31
72 134
19 47
7 68
6 124
58 9
19 26
4 133
66 41
22 70
66 84
12 4
45 9
26 61
54 129
114 70
4 10
55 35
73 33
104 22
52 138
23 93
114 0
84 96
74 151
40 95
126 9
150 0
15 54
70 43
68 0
41 13
157 33
76 12
27 141
4 9
5 71
106 72
61 79
27 118
130 24
31 61
102 36
23 35
16 9
54 33
15 43
129 13
51 24
10 12
27 5
129 84
73 72
103 63
45 126
157 85
19 109
11 27
28 9
75 74
162 36
68 45
38 24
117 94
112 165
95 8
22 13
76 87
61 4
108 129
97 68
9 64
121 116
4 49
97 14
70 37
135 46
2 130
130 33
61 123
9 6
113 0
4 14
23 4
8 123
66 43
51 126
28 12
50 110
24 71
71 51
47 60
5 11
18 20
172 43
145 138
104 41
22 45
121 109
22 31
1 45
22 68
137 119
37 68
24 13
48 84
144 43
5 27
19 27
27 46
9 133
7 79
28 70
56 51
84 48
51 29
15 67
45 31
12 83
17 4
24 51
66 4
102 35
104 124
62 85
130 29
133 51
12 30
6 24
66 37
93 91
48 5
0 28
71 13
27 11
98 28
62 102
109 18
35 43
54 23
6 37
1 70
141 47
163 2
39 100
2 43
4 13
126 165
83 114
37 28
48 10
14 38
170 43
19 18
110 54
42 1
100 123
80 125
93 149
48 130
25 9
45 6
110 4
13 97
7 12
128 29
112 4
2 163
97 67
139 84
16 41
149 23
110 123
81 93
51 95
84 29
94 30
8 67
84 71
12 99
81 70
14 97
11 45
5 129
94 84
113 14
54 95
41 4
141 118
175 43
54 46
23 38
5 96
41 42
0 31
140 18
175 24
48 24
10 49
12 76
109 43
58 23
26 24
13 98
39 67
61 66
70 12
85 157
67 29
115 24
76 43
76 0
157 36
100 67
84 45
27 52
42 51
4 101
60 72
93 124
84 34
14 43
72 106
75 29
82 26
23 149
80 61
28 4
19 176
65 93
157 35
0 13
129 48
51 125
30 54
48 114
69 93
91 37
150 84
63 138
68 40
161 43
92 32
128 28
98 43
8 34
109 121
65 38
5 35
9 0
25 37
38 13
0 149
70 83
159 177
35 145
93 133
45 51
70 25
56 123
13 84
12 1
54 28
97 54
2 48
90 37
0 84
46 11
10 68
89 42
154 136
20 24
37 6
48 129
159 118
45 70
97 1
73 3
4 47
174 43
133 9
141 43
93 38
61 15
58 57
156 72
10 29
94 75
46 3
1 118
7 31
137 157
38 43
30 13
141 27
124 68
38 41
163 46
71 84
27 84
20 55
130 145
9 29
61 67
101 24
27 96
61 69
78 63
51 69
130 48
84 35
4 124
65 23
61 51
61 9
6 61
28 37
95 43
1 31
54 100
126 14
22 97
162 121
137 63
58 54
113 22
38 107
19 177
31 54
12 65
150 97
56 95
45 23
35 0
91 101
6 104
45 65
27 29
85 63
111 118
93 61
12 43
104 69
10 4
68 70
115 22
37 71
0 83
38 83
37 29
139 149
60 55
2 0
67 39
98 101
14 124
81 23
48 150
4 96
94 47
114 48
21 33
54 43
77 35
123 67
6 98
40 68
34 47
67 37
101 13
61 138
147 43
25 70
14 91
31 16
37 58
13 68
99 22
100 56
86 4
51 91
128 98
71 97
66 14
130 50
32 11
3 43
9 25
46 148
84 64
91 70
68 22
93 66
15 14
138 52
7 39
4 81
93 25
109 73
84 3
51 50
10 56
47 141
14 80
56 97
0 67
108 24
24 28
51 14
17 31
92 24
14 70
42 24
86 118
42 45
8 13
67 123
37 113
89 24
98 61
28 43
119 35
63 102
0 4
137 85
26 84
8 84
41 124
61 98
6 38
130 2
93 98
5 86
12 0
134 130
67 61
149 93
106 109
80 22
78 56
66 13
74 153
66 118
55 102
54 67
44 6
7 71
37 7
0 50
23 42
51 3
9 12
86 22
13 3
7 110
4 7
24 101
41 12
20 96
84 76
112 22
67 56
51 22
12 37
164 7
113 41
46 108
112 54
107 15
34 13
12 45
110 178
9 66
22 37
96 35
20 4
123 61
45 81
91 13
66 31
64 24
177 20
56 145
9 61
44 14
38 22
119 63
7 37
63 55
23 25
70 71
51 71
104 107
34 46
61 33
86 1
7 8
27 101
81 42
56 100
35 102
112 139
57 118
37 91
11 5
86 26
7 23
130 163
6 17
37 9
84 67
138 43
1 4
76 177
95 98
48 2
155 43
128 64
93 37
13 38
1 37
37 65
65 14
10 130
130 118
66 12
93 4
114 76
7 133
6 91
60 102
65 31
83 97
149 0
98 54
4 86
1 124
130 94
50 12
37 44
123 98
94 131
170 30
126 3
130 5
92 37
66 28
4 65
56 13
70 4
9 16
22 50
56 137
174 165
97 76
131 3
31 4
72 82
85 146
39 84
83 12
98 58
7 15
12 9
144 118
67 51
6 44
61 26
68 13
57 93
121 20
55 77
28 13
19 93
121 117
91 38
98 88
67 35
136 158
94 26
17 64
19 179
121 162
4 12
97 99
68 12
23 68
54 56
67 12
38 149
145 35
68 99
38 132
0 68
149 97
15 107
51 81
131 168
35 55
157 56
126 24
47 24
84 23
51 17
4 45
130 97
0 123
48 13
4 70
102 43
1 90
54 138
45 68
66 7
113 13
32 92
129 54
7 22
23 13
30 43
15 99
26 46
84 139
31 13
63 56
0 97
97 31
14 126
129 5
40 49
128 61
72 35
104 17
67 101
5 84
67 69
32 130
32 98
137 56
54 170
42 132
93 97
97 110
95 24
13 50
41 37
9 80
4 25
47 121
135 0
62 56
22 104
0 3
97 101
97 69
44 81
27 129
121 55
14 41
38 1
80 13
93 70
13 67
71 4
89 94
12 104
63 119
70 69
61 100
45 104
123 43
51 66
22 38
25 38
15 123
69 38
126 49
95 165
38 14
90 44
108 52
93 24
163 153
65 49
32 88
25 33
169 57
49 99
114 12
93 169
0 110
7 107
34 129
66 68
7 70
51 99
15 101
64 58
91 4
104 12
108 105
173 18
35 33
128 13
10 48
15 1
32 118
37 86
35 180
66 16
42 6
67 43
42 37
11 38
30 36
63 62
72 109
14 65
37 51
84 70
4 6
124 23
46 129
8 100
80 14
41 45
23 69
76 98
9 86
76 142
58 7
114 84
13 26
50 97
97 37
84 129
150 11
12 7
56 128
16 69
100 13
60 77
25 32
24 23
0 38
66 98
80 15
6 1
4 17
86 9
124 37
51 15
86 129
14 1
113 43
84 54
60 137
156 67
155 71
73 167
137 60
107 37
37 104
9 51
39 123
128 54
27 24
24 99
30 52
61 6
67 33
20 35
64 69
13 124
51 44
38 15
82 29
63 35
137 36
13 22
11 97
22 101
28 29
20 130
108 103
27 2
57 43
54 71
66 0
115 4
14 17
65 51
9 22
14 31
81 41
0 15
81 43
101 36
82 72
27 26
97 22
145 56
145 3
98 67
163 47
158 144
6 81
99 49
70 97
162 43
37 15
4 99
56 55
60 138
37 93
7 51
6 12
54 58
54 110
6 15
19 32
1 12
61 3
128 69
42 25
71 24
120 61
10 129
97 71
98 15
121 18
54 101
41 6
149 139
1 13
4 15
62 145
62 33
70 9
4 43
130 134
148 37
93 45
6 107
61 7
67 97
34 100
81 37
34 39
70 110
119 102
113 37
24 43
108 130
133 66
20 60
31 24
51 97
99 31
98 87
4 113
37 43
32 29
51 39
8 51
20 177
19 45
67 8
37 12
42 14
54 64
50 22
102 137
37 13
52 118
164 9
31 17
30 33
99 15
113 68
5 33
54 7
52 112
66 15
12 41
47 59
5 165
128 51
95 13
42 31
38 7
38 3
123 164
54 123
9 43
76 28
2 24
91 14
37 97
181 29
12 15
149 45
69 97
104 3
70 68
13 69
109 106
5 48
62 13
31 28
66 124
24 118
98 31
123 13
92 29
112 3
129 108
92 54
113 24
38 4
71 50
140 121
31 98
70 24
51 70
84 12
42 13
12 54
38 37
64 33
98 29
56 22
41 132
37 67
69 92
6 28
84 43
50 31
69 1
16 58
7 4
141 20
65 13
129 28
149 70
15 9
37 1
101 0
98 13
7 54
86 12
17 104
61 71
107 104
69 98
14 42
11 29
41 43
159 28
84 114
56 31
51 0
98 32
61 13
56 134
45 93
45 69
149 12
123 56
1 86
93 3
25 132
80 37
95 0
130 101
145 43
9 67
66 125
6 51
149 84
84 150
41 113
19 161
30 170
173 118
1 51
35 52
54 148
133 93
126 4
51 101
57 169
28 64
14 37
37 132
28 14
86 28
4 51
65 42
5 4
104 93
105 130
19 20
94 56
63 77
95 49
135 95
28 81
4 42
14 113
10 101
98 123
7 0
58 64
46 43
144 29
130 108
58 24
51 98
156 74
11 129
94 130
157 63
69 17
63 95
126 132
69 118
81 31
111 162
5 43
74 10
40 31
168 24
145 60
130 28
71 70
29 61
41 69
23 131
45 12
34 67
97 13
4 46
7 67
47 4
23 14
38 124
4 104
31 14
30 71
68 50
77 63
169 93
145 72
23 51
107 51
133 4
93 42
62 35
91 104
22 93
80 9
10 70
97 84
12 3
59 3
2 27
30 12
9 13
67 9
52 108
123 8
63 137
130 89
47 3
130 54
65 104
124 38
119 96
11 28
13 45
110 97
71 1
29 71
32 54
177 76
0 150
94 5
96 95
148 13
42 81
5 89
13 71
84 0
11 4
4 50
19 4
84 69
126 95
80 38
55 137
94 89
9 104
128 17
28 98
137 78
5 29
38 9
15 61
46 35
71 22
11 0
58 16
167 3
18 109
116 43
4 93
99 0
41 51
91 51
23 6
56 63
73 35
55 63
32 87
1 23
0 24
76 110
50 101
34 123
9 54
5 28
2 10
9 58
113 35
0 71
56 28
48 29
93 23
90 24
81 6
31 67
149 38
149 114
173 43
58 98
97 56
15 70
69 104
76 129
10 2
66 51
2 5
12 93
26 13
42 9
105 108
22 1
161 59
99 165
13 12
13 56
84 46
63 85
46 54
45 24
164 123
24 54
124 51
15 97
47 55
93 57
76 54
23 101
3 167
66 34
5 0
23 70
52 30
80 31
38 91
110 67
58 44
69 12
7 58
133 43
65 9
91 68
101 22
28 61
4 97
37 17
68 97
68 23
84 50
24 58
51 25
104 23
12 42
121 36
9 69
13 123
74 156
66 29
140 43
124 4
136 144
107 43
151 43
121 102
70 22
34 110
4 84
10 163
58 51
162 116
13 4
5 101
38 31
22 51
82 54
148 96
107 12
15 7
25 51
13 37
56 157
94 168
69 10
100 39
58 29
144 35
117 35
9 98
39 54
29 101
28 24
12 10
4 54
97 51
100 54
84 95
42 65
28 17
20 3
51 128
