214
0 1
2 3
4 5
6 7
8 9
10 11
12 13
14 15
16 17
18 19
20 21
22 23
24 25
26 27
11 28
29 30
4 31
17 32
33 34
35 36
37 28
38 20
39 17
40 41
42 24
12 16
43 44
45 28
46 40
24 47
25 45
48 49
36 50
39 45
51 14
37 52
24 53
54 55
56 57
58 59
60 29
17 61
62 55
52 15
21 63
46 64
27 65
20 24
66 34
35 41
62 20
67 68
69 53
17 70
66 71
68 17
72 19
73 58
22 74
3 24
75 20
14 62
76 77
15 26
14 78
48 79
36 31
31 46
80 22
20 12
47 81
3 13
25 82
68 83
0 84
36 57
70 59
85 72
77 72
86 50
77 45
87 45
51 17
88 89
17 72
90 91
5 72
68 24
47 82
92 20
75 43
31 93
88 72
45 36
40 93
94 22
2 21
27 26
82 13
95 21
21 96
97 91
2 98
55 28
99 91
76 100
45 76
37 99
20 16
14 81
84 91
31 2
52 27
101 102
103 16
58 82
54 104
11 22
89 20
47 52
63 64
45 25
41 87
54 46
40 105
62 106
23 107
37 2
54 90
33 66
54 43
108 86
8 27
96 62
41 30
5 95
43 109
25 53
3 27
54 27
110 28
45 77
12 49
47 13
72 111
14 52
5 4
71 74
9 59
40 70
2 8
48 16
54 64
112 113
40 55
17 40
46 27
58 114
23 112
106 115
32 111
66 74
14 68
32 102
52 3
75 38
14 31
116 77
20 75
69 20
79 24
54 40
36 9
32 117
11 54
95 35
77 79
14 5
2 55
85 118
40 38
52 99
39 21
52 14
82 92
11 119
41 72
99 49
103 63
41 54
120 66
63 82
29 48
55 24
36 54
69 114
61 17
40 101
17 65
17 82
121 22
122 0
98 79
75 57
62 98
45 89
8 99
12 106
64 79
64 123
22 120
32 18
124 22
125 34
89 43
126 30
81 57
106 19
55 82
9 53
87 41
99 54
127 30
40 128
22 71
72 90
8 90
129 30
20 130
44 1
43 122
82 53
86 62
35 77
105 36
82 63
24 49
131 23
99 9
132 133
105 26
40 67
72 99
134 54
11 120
8 46
116 88
135 136
65 27
77 105
29 60
87 40
102 24
70 26
21 49
137 138
36 138
17 4
102 122
106 55
7 139
85 111
21 91
0 20
115 20
92 80
140 49
141 142
62 97
143 114
87 133
48 91
68 27
129 51
106 62
144 23
27 28
140 19
12 45
64 63
98 72
99 90
11 85
8 145
96 29
40 45
62 86
146 99
129 145
54 3
54 147
79 64
122 30
35 4
148 99
149 135
128 28
73 134
150 151
40 102
55 152
153 28
154 1
54 5
128 41
69 59
50 86
155 94
25 40
4 40
62 16
94 156
101 90
8 24
122 43
149 74
84 79
112 141
112 157
62 134
69 21
77 48
158 159
23 58
17 64
49 64
89 18
81 24
87 85
16 19
59 58
72 82
20 9
152 64
118 20
134 91
65 28
11 37
20 64
24 129
45 14
101 68
98 51
31 72
40 160
87 4
11 10
101 17
40 88
26 15
31 16
11 45
8 59
84 101
77 129
140 24
76 17
8 2
8 26
152 14
84 53
11 161
162 119
16 65
49 38
85 87
8 52
87 36
85 4
8 134
87 98
77 2
56 112
163 1
84 143
24 0
65 16
90 92
62 31
68 48
2 20
87 76
35 153
2 103
72 20
135 30
40 61
2 91
24 52
20 92
71 155
2 67
54 18
36 72
164 32
155 140
38 165
152 68
156 74
45 88
40 117
47 24
25 21
144 11
54 92
54 111
12 46
87 77
152 16
116 41
47 1
48 68
40 134
137 22
48 0
47 12
26 134
105 77
23 11
62 2
97 20
22 66
25 1
99 96
87 54
112 166
65 46
135 94
12 73
69 90
40 72
140 27
68 41
167 7
77 28
29 14
89 122
48 26
99 168
17 20
69 3
2 168
71 24
72 48
18 20
95 40
2 140
72 30
129 100
36 26
137 169
55 77
5 14
22 11
40 9
10 149
41 27
8 64
9 63
72 152
17 98
137 30
47 92
81 2
60 159
142 166
151 170
22 30
171 23
9 21
77 40
77 59
48 92
17 76
26 31
84 38
81 82
129 63
150 170
45 11
40 18
17 128
99 8
129 87
72 24
36 45
40 19
99 140
99 48
68 133
47 146
17 129
172 62
7 167
36 115
147 87
68 40
40 3
89 88
68 26
146 52
22 126
147 24
12 173
0 53
72 41
141 30
0 91
55 51
48 82
129 38
152 53
77 24
55 68
65 26
18 90
93 65
94 74
140 18
16 21
104 13
73 59
98 87
117 134
55 29
43 123
64 53
40 85
95 111
155 11
140 96
105 3
29 9
72 61
72 5
12 93
117 16
117 26
12 159
36 114
72 165
87 5
99 103
104 58
41 28
70 43
24 6
126 174
90 30
95 14
40 145
72 49
43 159
2 86
72 35
99 2
39 77
52 84
99 175
156 176
23 177
8 114
172 40
2 32
85 17
25 26
149 136
20 13
16 54
99 93
128 105
76 28
146 114
51 2
5 27
96 19
102 0
60 58
29 117
68 30
67 134
140 17
124 11
16 12
149 66
40 27
68 143
140 63
97 1
40 22
77 27
8 63
14 178
78 29
125 145
77 38
67 26
22 33
152 72
77 84
45 153
84 165
12 3
40 95
95 45
40 77
62 21
89 40
84 59
89 87
105 95
37 87
179 180
129 58
73 12
75 92
3 14
105 51
0 38
152 98
72 98
77 49
53 114
51 54
23 141
51 77
47 99
99 53
2 58
11 151
105 35
62 92
54 95
152 29
129 88
68 91
2 53
8 38
91 79
96 72
20 0
69 145
16 98
181 24
147 3
38 21
17 48
52 92
135 71
142 23
68 16
45 98
134 68
16 159
103 28
54 84
103 46
84 97
40 99
8 79
37 182
55 62
32 63
25 46
62 93
69 155
183 11
103 38
20 18
47 97
16 99
123 168
162 144
117 54
184 22
97 90
140 55
117 55
3 38
0 92
62 12
2 145
32 21
129 32
98 68
53 38
75 24
185 1
12 72
45 100
140 21
78 67
91 82
26 93
15 117
47 140
68 114
22 156
39 54
17 165
118 59
37 16
85 39
96 60
70 90
99 47
6 92
94 125
99 64
11 149
17 88
11 140
105 18
14 96
36 17
48 96
152 65
58 9
37 40
41 35
45 27
54 17
106 79
55 75
105 85
92 97
54 79
5 111
171 186
22 149
67 46
53 24
40 12
48 31
38 9
91 92
117 67
40 52
110 54
82 159
99 65
187 50
16 93
128 45
12 20
89 41
63 38
85 138
176 136
33 169
6 38
47 3
16 52
68 81
129 40
158 188
45 38
59 90
2 38
112 64
95 93
96 106
72 69
152 17
21 59
0 58
144 177
17 160
36 40
17 97
24 118
54 91
61 56
40 79
95 105
118 168
94 71
91 49
17 110
151 11
54 62
24 23
149 94
189 30
72 140
41 52
48 15
12 54
150 11
175 40
12 31
115 8
22 68
120 57
52 40
73 109
83 20
69 38
36 28
85 24
11 23
40 21
43 168
75 122
62 91
2 37
51 145
72 92
2 92
37 190
34 149
90 59
147 52
48 111
71 149
89 92
150 191
147 72
37 72
45 5
112 145
17 18
152 24
48 84
16 28
21 140
16 117
72 3
26 24
14 3
134 12
20 138
68 29
11 17
81 18
39 49
105 54
24 98
37 17
118 101
125 30
99 115
140 79
17 111
48 30
17 89
72 40
128 72
129 109
134 147
54 98
84 122
23 142
54 102
71 66
95 85
154 64
40 80
77 51
18 2
90 80
70 20
102 59
140 30
12 47
72 145
150 107
16 140
62 164
14 192
96 31
91 20
96 12
142 56
62 29
68 97
52 63
23 166
24 68
11 193
47 20
12 62
161 11
194 38
38 97
26 64
112 56
134 24
94 66
37 30
89 26
110 38
93 63
69 17
10 155
195 62
55 20
135 34
62 75
77 55
68 101
99 21
27 31
52 65
47 114
55 122
82 48
110 37
125 196
116 5
96 20
41 5
52 38
45 32
117 28
84 114
73 47
32 17
26 109
89 5
197 198
77 37
37 85
44 50
55 72
63 12
35 64
135 66
18 29
2 77
17 52
96 21
14 95
156 34
32 85
32 4
128 18
91 168
54 20
72 122
129 54
66 22
59 92
69 25
82 199
68 165
163 114
15 103
43 20
88 116
38 115
47 9
24 64
94 149
47 30
25 79
40 163
20 104
17 116
58 123
86 28
24 79
103 62
67 78
136 149
24 89
58 165
116 100
45 134
92 58
92 91
62 118
3 31
76 133
164 57
54 89
40 63
135 149
43 90
99 92
11 191
54 48
8 62
47 106
76 129
96 48
22 17
73 2
73 118
149 71
89 110
67 72
3 134
2 18
102 84
33 22
2 12
17 85
54 72
0 122
8 163
134 114
140 98
110 72
32 40
3 54
16 38
51 79
156 66
32 89
175 27
140 2
61 161
20 73
141 23
70 200
81 29
64 122
23 191
147 134
45 111
20 97
201 202
17 45
147 68
3 90
90 62
54 35
24 8
2 46
8 173
48 17
85 31
2 40
4 24
40 114
8 140
20 122
141 112
17 36
72 102
4 87
73 20
129 68
66 94
14 190
73 179
81 90
16 63
117 82
164 62
129 53
16 20
86 147
38 49
68 51
45 21
196 125
146 168
129 5
2 57
99 163
162 127
18 16
13 63
175 52
81 46
12 48
100 77
12 140
65 31
22 135
68 18
4 77
103 65
26 48
16 114
75 49
124 155
151 191
102 72
24 26
110 111
192 160
11 170
91 90
69 173
72 2
90 55
77 14
155 22
155 124
24 134
11 62
36 21
98 21
102 21
8 12
5 28
17 54
82 111
17 147
48 46
102 58
142 141
117 78
140 31
53 1
40 16
183 89
4 98
48 55
93 203
68 37
26 21
147 17
176 155
16 18
175 65
90 79
172 31
97 115
62 96
79 90
0 102
48 62
14 111
2 134
6 13
5 82
99 79
75 83
117 63
11 124
21 127
21 64
79 20
54 128
2 16
9 13
38 1
61 90
52 2
62 11
140 97
126 11
100 88
43 115
17 2
100 57
52 115
62 47
89 14
71 135
115 43
2 159
45 41
103 175
85 68
105 88
31 65
146 46
99 38
18 24
47 2
69 122
89 38
34 22
102 79
81 20
72 62
54 160
24 99
3 68
37 11
68 199
117 48
85 5
68 45
59 118
48 14
47 122
106 58
11 152
196 30
144 169
47 17
90 43
87 32
40 87
22 162
38 62
122 90
22 137
141 58
48 67
87 147
3 147
164 50
99 63
140 134
35 87
4 35
17 31
72 18
64 58
61 37
71 22
95 28
125 11
72 46
92 62
97 40
45 133
37 22
47 63
80 90
11 12
68 32
64 21
11 107
26 16
99 84
40 115
193 11
13 9
20 90
172 58
84 83
54 2
54 9
103 72
76 40
35 98
21 58
76 98
43 0
36 87
129 17
25 17
51 129
27 46
75 145
36 86
14 20
54 129
22 94
91 43
54 93
12 58
103 2
96 90
63 49
151 23
51 68
110 133
72 110
105 63
24 54
4 54
87 153
54 105
55 37
2 49
194 79
97 61
12 90
21 20
36 63
8 115
86 64
67 18
72 17
123 59
122 20
62 63
106 11
79 53
13 90
35 72
18 28
8 58
72 58
8 15
20 168
38 3
55 117
106 30
52 148
94 135
47 46
24 72
41 31
54 76
102 182
35 21
45 4
31 26
91 9
81 102
38 43
32 164
99 15
45 95
87 37
68 38
151 150
68 49
2 52
70 8
11 186
15 2
18 40
18 14
5 54
63 52
48 8
12 168
36 62
70 58
4 2
89 28
99 134
45 152
38 91
175 31
55 168
72 51
55 140
102 81
48 64
16 2
54 24
22 125
54 58
36 68
16 37
147 82
17 87
67 27
67 15
11 204
8 92
61 68
85 77
161 22
47 57
67 63
69 72
125 22
8 168
18 92
11 106
99 31
140 12
106 20
32 2
68 59
47 145
158 119
23 171
11 141
4 145
62 48
68 54
24 85
62 81
117 46
40 29
40 98
134 99
77 35
35 28
81 62
32 93
68 77
40 68
48 134
22 144
33 11
104 9
82 17
97 58
129 41
51 98
96 145
72 31
41 133
20 118
85 54
31 52
165 59
68 64
25 147
37 127
52 37
22 205
77 145
117 62
71 34
34 125
35 40
11 150
0 49
2 15
96 81
110 68
100 116
206 159
38 90
20 2
20 62
29 96
85 45
76 54
68 53
22 10
40 4
55 40
77 65
11 30
61 64
77 31
0 26
69 1
17 62
18 41
207 30
8 82
39 68
36 82
37 152
68 134
84 24
58 63
62 52
69 92
48 18
37 68
64 61
85 76
171 170
26 2
62 140
24 84
32 82
129 28
16 46
52 117
175 103
85 36
37 93
99 30
48 3
45 17
2 30
47 130
41 40
20 57
123 145
123 58
31 99
161 61
25 69
40 82
24 62
16 64
2 17
66 135
31 54
77 58
144 174
23 145
12 134
66 149
17 26
202 201
11 72
164 159
141 157
72 28
81 19
16 62
105 45
36 53
17 134
72 85
5 41
90 145
81 3
179 155
25 49
113 112
12 91
16 27
17 16
134 48
2 117
9 91
72 117
54 45
95 9
192 14
195 102
24 2
99 52
15 175
47 49
110 40
32 72
41 95
62 54
89 98
128 17
18 60
17 28
208 17
105 40
84 49
16 40
86 79
55 48
20 19
45 64
43 58
152 38
92 0
41 116
95 5
54 37
104 90
60 37
24 81
39 79
12 77
15 16
54 28
92 90
14 133
102 3
98 54
51 28
40 109
68 14
2 26
48 38
45 72
147 138
165 38
152 37
22 37
48 27
47 80
147 62
11 209
45 129
151 177
67 31
105 28
129 76
17 5
134 2
26 38
75 79
22 121
158 79
72 45
116 95
48 77
56 145
152 93
84 52
21 24
51 40
72 38
11 183
20 115
40 46
45 128
89 32
35 17
89 102
89 77
147 40
56 166
96 27
0 63
17 67
37 115
4 45
3 64
82 117
90 84
8 182
37 160
47 58
22 174
14 172
86 3
12 38
62 117
62 6
11 184
77 39
24 31
4 28
102 49
20 38
2 43
172 14
93 31
29 18
27 16
54 32
8 104
77 85
82 59
48 24
101 63
35 31
85 88
12 40
68 147
58 1
47 109
47 59
1 109
156 136
162 30
40 65
40 62
175 99
77 4
34 30
146 47
62 84
99 146
187 40
92 38
69 58
65 99
78 70
155 176
45 165
64 38
47 62
114 134
68 79
81 190
141 56
42 3
31 103
46 65
3 40
149 10
153 111
208 86
147 57
128 40
12 21
55 98
92 59
8 91
90 38
140 91
103 31
82 62
25 24
80 92
68 21
14 48
106 18
69 64
99 14
45 102
8 1
35 105
55 81
75 53
9 90
37 97
85 28
17 14
88 45
140 81
52 91
210 91
40 147
126 57
18 106
96 55
78 52
38 12
152 18
39 182
2 24
115 92
41 77
176 30
9 118
72 55
20 84
140 87
90 2
32 38
151 186
54 38
2 63
95 116
211 30
72 105
147 159
36 85
45 87
20 1
34 11
48 2
79 81
54 65
62 3
73 9
11 66
62 72
0 114
16 57
40 15
58 92
106 57
82 26
24 17
39 59
75 58
51 85
106 91
40 53
0 43
92 18
45 117
67 117
32 64
59 165
120 34
14 19
76 87
155 71
40 49
47 75
103 55
51 72
72 134
43 38
90 3
78 14
45 35
91 84
73 13
85 105
5 116
9 38
192 20
47 91
65 103
81 14
32 50
175 15
76 111
40 54
95 54
17 92
136 22
54 114
103 30
122 79
65 15
129 14
71 136
116 111
120 11
54 81
61 97
62 38
140 62
2 72
66 136
96 140
70 92
122 64
118 1
11 99
9 58
75 62
68 39
60 18
72 11
56 141
99 58
114 47
72 84
140 47
22 34
23 56
62 79
40 28
20 91
65 52
99 46
152 54
24 55
47 159
37 145
31 68
91 3
156 22
92 82
99 43
0 24
73 26
77 68
54 145
24 75
106 21
129 24
134 15
24 38
54 133
25 68
66 156
103 82
39 95
77 98
17 24
17 208
35 45
41 18
40 36
122 130
72 200
162 11
2 114
55 54
11 174
16 67
15 46
48 58
2 90
117 93
9 20
77 87
62 207
25 159
62 102
22 80
172 20
122 1
100 76
149 156
36 59
83 90
55 8
2 99
20 58
72 88
69 182
54 21
81 79
6 62
123 104
96 99
11 207
150 177
77 100
206 178
77 17
152 51
52 6
104 30
78 178
18 54
128 104
95 114
92 43
91 134
42 53
103 21
98 28
122 21
91 62
140 8
2 48
156 135
48 63
68 109
70 115
3 19
100 129
184 209
62 40
17 27
99 20
67 93
29 55
41 68
90 13
40 187
2 28
140 11
65 68
85 79
97 80
97 62
38 24
89 68
40 200
68 98
68 87
40 86
155 10
77 16
54 12
51 38
75 47
38 64
72 21
37 80
118 24
98 16
136 135
186 151
51 35
38 48
27 93
98 77
64 13
152 114
89 24
23 22
123 9
47 79
96 14
152 49
54 4
90 97
24 147
152 55
40 17
54 134
18 168
48 114
136 34
45 40
77 21
134 62
36 64
97 17
2 62
54 16
26 0
54 117
86 134
101 118
105 64
62 67
16 30
18 117
136 71
136 94
41 48
89 62
12 59
46 15
2 81
72 203
46 48
40 175
199 82
54 116
55 106
110 17
91 59
21 3
11 71
54 30
123 92
99 67
54 99
11 212
81 96
162 202
40 57
88 28
14 65
25 64
112 23
62 69
22 155
77 36
32 65
37 31
38 53
18 72
70 104
109 1
87 35
47 21
54 77
103 140
25 72
25 54
40 51
98 55
11 125
26 65
46 79
213 1
35 38
197 30
72 79
24 61
0 109
2 79
88 40
144 30
72 57
61 40
15 93
12 63
63 79
24 18
72 37
14 160
105 68
140 3
13 20
45 85
9 30
14 67
3 6
22 170
124 30
91 8
147 38
103 48
54 87
103 117
48 5
24 32
141 113
55 96
63 13
54 122
68 111
117 72
79 140
70 0
14 28
40 25
83 82
18 190
8 31
71 11
49 24
106 81
36 105
16 26
46 99
106 53
112 142
95 82
23 144
82 68
59 38
15 52
147 97
6 24
68 152
85 35
95 26
3 102
106 140
62 14
83 64
91 6
43 92
8 49
84 20
27 99
20 79
95 133
40 14
68 55
20 7
68 31
82 91
54 68
10 22
22 161
72 168
48 117
2 64
24 48
12 96
21 26
95 39
52 8
161 156
105 87
48 87
31 14
89 72
52 146
87 88
134 13
100 133
151 107
16 77
199 68
24 21
26 79
103 68
152 87
47 90
77 41
14 29
34 136
31 17
103 93
93 27
147 26
4 72
62 24
97 21
99 27
72 25
48 101
69 63
4 89
45 31
18 81
85 37
14 51
45 54
24 3
68 160
14 152
11 127
40 26
0 79
77 114
12 98
35 88
61 55
102 30
152 101
156 94
69 84
2 5
134 3
206 30
101 58
180 179
147 54
197 21
67 48
18 96
56 23
82 38
14 18
79 49
41 51
100 41
84 182
56 61
31 27
8 53
12 1
17 41
2 68
27 52
40 92
94 34
25 52
2 65
87 68
52 47
60 80
135 156
12 114
58 43
78 117
72 32
48 19
11 33
46 84
47 73
17 102
36 3
117 99
96 18
101 64
88 98
11 171
162 22
24 140
72 36
11 34
16 31
17 37
54 82
34 33
132 129
140 155
18 68
90 168
35 59
33 57
82 55
104 123
85 200
67 52
46 8
115 178
64 3
208 50
88 54
62 147
62 27
54 70
99 24
72 160
41 17
71 156
64 97
47 134
156 149
16 3
103 67
12 9
91 38
63 104
147 90
81 140
88 87
99 114
17 133
147 86
40 8
105 72
47 26
38 92
129 45
20 109
92 115
80 97
82 21
16 15
48 72
8 40
85 114
72 138
17 152
114 12
141 166
42 79
40 64
12 84
24 77
51 39
40 11
40 37
106 24
73 1
167 139
2 27
27 111
52 168
93 160
99 40
156 71
171 177
134 86
83 58
16 48
72 115
102 38
46 24
89 27
61 63
81 106
106 96
68 3
97 92
149 22
117 52
51 49
103 15
41 129
146 15
29 92
54 49
72 178
117 29
48 93
98 40
32 159
99 117
176 22
72 64
48 29
8 3
67 28
47 38
17 122
85 84
45 105
15 134
77 12
23 150
152 199
67 54
11 166
90 81
9 104
36 77
140 90
129 132
90 104
85 40
14 46
11 169
72 52
101 81
14 77
106 26
18 48
110 86
17 47
54 14
129 1
72 4
9 145
65 93
93 26
68 2
54 110
21 38
12 6
20 192
38 58
32 54
2 59
68 82
81 55
117 15
92 52
184 11
56 142
75 9
52 31
70 40
71 94
17 68
88 77
68 93
32 28
11 162
84 58
159 178
150 23
52 64
12 92
23 170
48 54
21 81
122 211
0 115
69 54
48 99
35 5
89 111
136 66
54 31
17 43
70 168
89 4
22 177
15 62
73 24
52 46
32 30
82 58
140 72
11 126
12 61
98 19
12 26
103 27
47 163
59 168
52 175
75 114
22 184
84 3
99 3
92 93
67 99
41 111
68 61
48 20
92 29
45 59
72 54
72 96
39 190
15 8
3 81
24 102
72 81
46 52
4 17
72 67
17 77
25 3
24 114
134 8
86 31
3 16
15 99
3 52
103 99
54 52
101 59
20 55
48 59
17 35
58 104
39 85
89 82
62 65
68 117
17 38
26 82
148 52
48 12
40 31
95 77
24 20
48 52
123 63
83 92
31 96
99 62
46 47
103 98
78 159
34 66
12 2
77 52
63 92
68 73
132 28
140 106
100 45
104 20
103 26
48 28
35 68
155 179
0 59
45 68
34 135
81 21
70 84
69 91
93 30
11 177
47 83
86 159
40 97
149 34
87 129
35 54
49 84
77 95
135 22
40 35
62 15
103 54
58 30
152 40
120 22
46 31
84 81
128 54
11 68
48 21
25 8
68 65
3 62
9 79
25 38
14 27
98 3
134 26
47 104
94 136
53 145
129 95
62 168
142 112
72 0
89 134
70 122
123 20
118 58
40 111
97 168
117 68
47 43
17 3
22 209
68 28
20 43
99 16
14 40
36 35
42 38
54 41
114 91
35 76
52 5
77 54
2 1
62 82
69 26
11 144
36 38
84 43
105 93
38 59
40 172
99 81
16 103
126 22
60 96
89 147
106 90
106 47
23 157
70 114
83 1
134 73
47 53
122 58
11 137
20 14
15 48
21 2
68 118
8 61
72 77
36 165
97 140
72 147
94 155
85 11
22 176
152 82
6 3
62 8
84 57
93 62
90 21
95 145
67 16
11 155
42 114
17 140
118 9
2 9
155 1
144 162
129 114
54 26
2 54
39 37
2 31
82 28
72 97
175 46
164 21
51 105
67 82
35 85
68 11
103 52
15 65
24 106
37 39
96 30
137 11
69 62
99 72
75 64
55 2
72 43
12 64
47 168
48 41
22 124
144 22
114 163
65 111
16 68
20 96
6 90
5 77
54 88
25 134
0 73
20 81
73 68
41 45
8 50
131 141
6 5
32 114
47 64
81 72
24 181
72 8
86 108
41 134
152 30
140 16
61 12
75 90
25 165
122 82
0 21
55 61
70 91
102 92
45 12
90 24
69 181
69 9
11 40
22 136
90 20
91 114
117 18
62 90
22 169
29 62
40 81
39 51
89 52
54 103
26 53
67 62
75 55
78 49
76 110
92 8
90 9
85 64
40 2
95 41
32 133