180
0 1
2 3
4 5
6 7
8 9
10 11
12 13
14 15
16 17
18 19
20 21
22 23
24 25
26 6
27 28
29 30
8 14
31 32
33 34
35 15
36 37
38 39
18 2
40 41
42 26
43 44
18 23
45 46
47 23
6 48
49 50
51 34
52 53
54 55
7 30
56 57
58 59
23 60
61 62
52 63
19 26
31 4
64 61
65 66
63 67
68 69
70 71
72 73
74 75
76 15
44 77
78 79
43 30
52 80
81 70
62 81
70 30
60 82
15 57
13 83
6 17
84 85
86 30
49 63
15 44
87 19
70 86
88 89
49 73
74 62
78 90
18 91
92 93
76 94
95 96
52 97
89 81
0 98
99 26
99 83
100 32
63 52
101 42
102 71
101 83
28 6
8 67
40 38
42 103
15 28
59 104
105 9
106 61
107 81
108 109
106 102
107 110
102 8
61 43
105 4
44 28
56 52
48 111
19 112
27 111
113 39
74 104
63 17
105 114
16 89
112 2
7 115
68 85
74 70
116 83
11 58
117 75
16 104
70 11
91 51
6 77
56 14
57 32
33 39
118 113
49 32
113 51
44 104
54 75
4 27
119 15
99 60
120 121
122 21
29 14
61 32
7 9
114 77
49 107
8 58
4 107
113 91
123 19
44 6
13 103
64 15
74 8
124 125
91 23
6 126
97 70
56 127
59 128
107 15
36 79
11 4
64 5
95 85
31 44
129 130
41 39
131 73
132 42
76 28
78 133
6 134
44 8
119 43
135 96
79 2
102 57
66 65
42 136
97 9
89 127
15 77
16 55
117 61
43 128
52 115
35 81
43 111
137 47
137 136
52 111
102 86
7 77
138 4
122 60
76 31
56 128
56 115
88 62
139 19
140 75
44 71
7 141
7 5
142 2
97 17
63 119
59 9
143 144
26 122
78 83
78 42
23 42
66 23
135 145
15 141
117 62
8 62
26 99
5 28
91 146
8 147
72 36
148 19
149 97
59 126
16 59
52 71
119 102
4 62
148 90
72 37
72 133
6 61
62 61
91 150
6 44
9 147
16 32
117 151
59 56
52 134
92 127
15 17
70 43
107 0
16 9
33 116
6 57
57 5
117 50
74 119
77 127
16 102
16 67
77 114
58 97
28 152
7 17
91 83
78 72
74 16
28 114
52 126
80 127
8 61
43 27
77 63
11 97
101 116
123 143
91 85
137 34
121 40
64 70
50 46
4 32
52 6
105 59
26 21
24 104
64 28
52 77
43 107
91 152
97 28
88 16
56 6
104 11
117 4
35 6
72 42
18 143
105 97
16 127
30 86
58 75
78 117
26 113
126 8
117 9
35 126
97 64
74 88
59 27
82 13
38 120
153 40
60 23
63 71
71 102
49 114
11 104
13 2
58 17
59 97
26 154
91 96
154 145
6 52
17 48
97 104
76 115
11 117
107 106
106 114
24 29
59 57
64 114
148 42
81 102
13 155
56 75
72 34
13 90
59 61
4 14
56 114
29 43
44 70
7 75
102 7
15 102
16 147
143 123
15 134
16 58
105 93
8 52
19 148
97 6
26 152
59 48
64 104
41 33
74 92
7 126
33 83
70 67
43 93
6 80
95 145
107 32
1 61
75 93
113 116
111 14
6 63
58 126
54 52
93 61
70 63
149 110
58 64
6 53
106 149
42 79
102 52
4 30
66 21
156 103
15 93
59 96
65 51
63 61
76 102
97 77
17 57
102 119
51 60
35 127
7 93
13 34
64 8
64 59
74 27
132 73
74 115
107 127
4 104
157 18
132 13
4 152
90 26
76 54
117 119
90 3
30 71
78 156
43 94
132 85
24 44
27 92
70 5
43 115
88 6
0 106
92 4
18 51
28 15
19 51
107 126
74 11
155 13
49 83
7 8
103 39
14 52
102 61
27 93
4 158
147 8
15 59
62 70
14 86
8 93
62 48
4 58
49 58
95 37
27 81
8 89
4 74
72 26
44 4
64 158
117 11
61 94
77 14
27 62
91 2
16 29
15 128
102 59
44 59
28 14
52 11
93 32
64 4
1 127
44 158
44 134
43 17
74 89
148 144
41 40
66 85
81 14
117 14
56 11
113 49
102 62
88 102
6 86
56 92
18 26
93 44
15 58
19 3
27 43
27 1
27 57
62 158
113 22
22 159
105 77
88 75
4 49
13 51
56 9
63 127
113 157
64 77
67 6
8 86
24 15
61 127
59 67
16 11
10 111
2 34
56 28
54 93
64 58
117 80
157 73
49 30
56 97
5 63
77 88
52 32
70 111
1 6
49 27
98 15
105 67
43 88
56 15
29 57
107 140
49 106
44 14
19 142
62 52
2 91
156 145
25 39
52 15
102 81
76 75
110 81
157 129
16 43
54 158
145 154
117 15
113 78
5 29
72 78
102 11
72 85
4 59
2 150
56 48
106 25
123 90
135 79
52 128
59 1
97 94
56 29
16 80
74 1
64 7
97 149
16 70
72 156
16 15
74 61
81 30
66 157
59 14
26 85
27 71
44 30
99 90
111 48
141 104
159 154
83 127
62 119
35 1
43 1
160 150
40 121
64 32
63 126
74 52
52 109
38 40
24 32
113 23
156 42
11 27
58 114
31 76
49 62
7 97
104 151
104 59
88 64
23 34
62 30
14 77
13 116
63 102
43 70
27 141
102 17
44 25
59 52
19 161
16 140
28 29
18 34
103 60
102 67
41 160
91 73
148 118
3 34
153 118
27 10
162 23
121 142
38 121
28 70
44 32
88 15
6 27
94 83
91 103
14 17
42 18
59 53
106 0
117 57
113 85
16 97
2 23
116 42
74 30
138 93
12 72
43 117
31 119
7 29
93 4
18 123
64 93
16 44
0 149
107 141
22 123
56 163
61 106
54 61
74 126
43 104
44 52
151 127
158 14
28 30
6 8
38 109
102 15
24 63
56 67
64 147
49 4
4 83
124 93
127 4
43 71
22 84
117 28
149 44
41 34
22 117
75 44
15 127
136 90
91 136
105 71
7 62
117 43
7 104
16 30
104 6
11 29
97 71
88 48
1 32
42 143
102 14
62 126
149 75
49 5
155 16
110 35
78 144
59 71
35 119
102 9
148 116
151 88
24 5
58 71
6 104
147 63
91 155
107 93
22 13
16 63
49 1
117 48
58 63
145 79
41 120
98 93
122 85
139 2
4 10
107 111
15 9
15 86
104 15
42 60
49 77
74 32
8 126
70 147
49 88
19 65
59 147
104 27
35 102
75 102
26 68
63 15
29 86
97 75
24 109
113 73
76 127
43 119
23 51
6 62
84 26
10 16
29 104
58 134
36 72
107 39
131 85
97 86
143 2
94 44
104 7
6 59
94 119
148 13
6 151
97 88
70 75
52 62
49 34
16 92
52 141
11 57
159 36
6 75
36 25
59 4
11 70
162 34
88 61
81 61
119 86
13 42
15 6
13 164
81 57
74 48
7 25
99 21
43 77
16 128
106 7
117 59
42 91
99 155
62 5
15 67
117 32
75 6
27 32
136 164
5 127
56 64
30 48
105 128
27 52
40 39
64 44
102 70
56 32
77 32
105 111
116 152
4 117
5 11
49 117
58 102
78 23
107 52
35 17
59 58
100 39
56 17
41 116
148 40
12 156
16 114
75 62
163 126
33 85
162 90
105 134
6 16
99 51
119 4
121 144
10 4
70 32
148 34
107 5
81 75
15 63
149 32
11 92
102 127
43 58
143 60
155 90
81 141
52 58
122 2
159 85
22 34
27 8
59 141
26 42
97 11
64 25
147 9
64 11
58 110
117 83
58 141
72 79
104 43
43 126
72 145
24 59
102 63
99 13
44 102
113 155
64 56
54 10
52 93
57 52
72 154
44 126
126 114
113 101
22 113
4 92
35 77
10 32
105 56
38 23
132 91
107 57
99 41
165 145
86 44
17 8
40 73
6 5
15 43
64 43
54 76
43 32
70 15
107 61
149 127
70 44
4 6
119 44
154 133
68 90
7 43
16 48
2 137
5 62
27 114
4 17
10 93
64 80
139 21
56 8
34 2
102 74
143 42
11 30
6 4
160 34
143 13
154 39
15 81
59 32
62 43
102 94
108 166
113 2
116 23
22 99
27 80
100 167
121 21
16 52
119 62
107 62
22 60
74 15
72 68
97 127
168 166
31 126
107 44
117 55
104 62
99 34
85 42
11 86
97 62
121 47
133 154
78 73
27 126
93 67
41 99
7 92
95 26
107 75
59 127
58 44
59 134
74 29
145 36
62 15
49 93
43 75
57 30
49 67
168 100
74 114
75 32
169 106
27 11
8 158
52 4
170 137
59 63
38 148
117 157
18 90
52 88
49 158
16 57
143 103
11 64
117 67
149 71
97 114
98 106
122 23
16 158
155 42
97 92
15 111
16 6
58 93
43 28
33 96
94 127
64 14
33 42
5 52
95 13
91 171
168 39
54 15
5 71
5 93
24 62
44 128
26 51
52 14
88 43
94 102
78 130
59 43
50 45
108 39
34 91
29 102
62 14
157 2
117 30
102 43
117 73
107 64
58 4
59 28
48 127
19 150
11 102
27 30
59 11
91 37
97 58
32 44
61 88
97 7
13 84
41 26
4 94
16 106
56 4
155 23
95 131
35 4
74 94
51 2
63 32
100 168
44 15
117 17
107 158
18 164
62 32
16 0
11 44
14 62
6 30
88 127
64 71
54 43
15 14
118 33
107 8
160 66
43 11
94 4
70 104
107 67
36 13
111 77
6 74
49 81
86 14
85 26
94 61
106 169
35 14
59 29
75 52
49 29
28 52
53 126
77 52
44 62
148 121
41 90
1 93
131 42
151 86
104 63
74 147
15 4
49 86
41 73
162 83
22 164
4 86
33 40
57 75
93 119
59 17
27 7
115 86
148 23
58 15
145 37
155 39
56 77
158 17
1 0
152 172
161 47
58 27
4 93
57 93
70 62
7 52
105 119
10 57
173 19
117 16
76 62
174 19
117 94
15 5
17 75
19 18
78 113
107 149
42 131
56 5
43 15
58 62
11 115
40 144
9 43
57 140
29 52
49 119
166 15
6 1
35 93
11 52
102 28
24 127
104 52
117 88
159 145
72 2
107 102
137 170
104 32
91 122
41 23
135 146
49 57
139 90
149 93
59 74
4 57
16 119
41 2
91 21
104 102
31 127
77 126
64 102
27 6
65 103
71 7
38 34
2 144
11 17
39 171
43 39
117 93
16 175
5 86
7 61
59 70
49 16
166 39
155 73
48 44
151 114
75 5
49 97
7 32
116 101
71 48
49 11
115 4
74 111
43 14
32 93
139 129
58 86
105 52
40 160
132 145
41 148
5 43
6 88
34 39
35 94
13 82
60 122
8 11
19 21
49 9
1 75
52 70
91 164
52 5
59 30
44 147
154 85
49 15
16 126
107 43
16 61
119 75
103 176
4 52
105 88
106 140
27 67
27 15
56 104
78 84
27 102
16 1
11 74
54 25
147 44
71 28
62 11
40 85
52 55
15 75
64 75
14 93
16 77
113 34
143 51
172 152
27 59
5 111
91 42
99 22
72 47
44 75
95 2
74 57
114 126
7 114
81 28
64 17
62 127
74 44
27 29
35 43
7 127
16 62
56 43
52 61
31 11
72 162
105 104
15 62
58 147
117 126
1 67
30 29
19 103
159 152
117 63
105 89
15 11
42 73
61 102
13 21
4 134
157 3
107 29
36 44
6 43
74 28
57 28
115 119
6 9
35 114
56 44
56 147
113 65
103 2
43 80
75 25
155 127
91 80
58 16
7 70
43 147
56 70
16 107
15 104
57 15
52 147
19 173
29 48
97 43
98 17
7 86
152 96
77 111
127 94
31 57
141 63
43 5
48 32
154 165
64 115
54 32
56 93
23 103
145 146
70 94
70 52
24 114
149 166
44 57
171 39
106 62
58 88
157 99
4 115
113 90
8 111
52 75
99 162
159 72
113 38
12 42
62 77
43 59
117 155
57 43
49 104
64 74
22 91
15 8
10 80
132 60
54 62
113 160
42 21
57 17
66 2
52 119
126 163
35 67
7 59
104 93
117 46
5 59
148 21
42 85
51 23
154 36
168 177
63 44
145 156
119 6
163 114
151 6
27 89
13 91
37 178
104 75
77 9
7 147
74 77
102 114
58 32
31 17
118 148
54 6
58 127
58 8
49 46
78 49
43 9
113 13
104 5
112 19
7 48
52 104
56 27
43 4
5 57
102 32
29 63
8 77
113 99
117 97
16 4
77 86
52 92
16 5
169 175
24 57
94 86
78 154
19 139
80 32
38 41
57 81
93 92
121 137
52 81
74 141
119 127
26 13
97 81
4 127
56 53
13 23
72 12
72 90
64 30
156 159
19 34
97 29
33 68
10 43
93 115
5 6
58 53
56 119
44 119
36 12
52 59
143 19
7 80
94 15
27 127
49 147
148 38
169 0
74 17
52 8
23 2
4 31
16 134
54 102
15 119
42 83
106 98
31 62
91 60
61 63
48 77
43 62
6 29
117 71
75 119
100 127
11 114
148 91
115 93
64 27
59 151
52 44
5 75
59 7
72 159
117 49
102 30
15 71
75 57
64 57
52 48
2 176
24 111
100 93
143 18
7 27
27 9
12 133
31 52
104 16
43 57
11 62
57 102
33 2
27 4
154 159
165 154
64 62
15 88
43 61
95 91
56 111
154 26
5 88
22 146
52 7
3 2
19 23
5 80
56 30
16 88
78 116
77 48
40 33
85 90
105 61
143 23
42 164
104 44
118 73
29 27
155 34
44 17
88 52
1 119
49 140
18 152
117 70
52 16
77 147
4 67
44 67
44 43
5 109
59 81
52 9
64 67
19 144
2 47
33 148
105 163
7 58
74 102
42 49
43 127
143 174
74 134
58 52
59 6
35 32
26 84
74 58
78 157
110 64
6 128
7 15
18 87
7 44
49 52
6 158
154 13
131 13
65 113
49 59
5 104
121 23
113 118
71 29
4 16
64 9
3 129
52 27
7 71
82 85
6 71
159 82
38 91
29 7
33 160
74 93
99 91
29 15
49 17
113 83
155 2
113 42
65 73
40 34
156 73
28 43
92 62
52 114
154 78
100 15
7 111
105 29
29 71
105 32
57 119
79 146
27 128
57 80
121 160
49 94
52 67
16 83
16 71
41 150
107 28
62 93
78 13
2 157
38 2
27 70
68 129
104 14
137 2
28 71
104 128
60 13
41 113
70 61
4 175
155 22
47 137
102 4
95 146
27 86
58 48
48 86
166 108
41 144
70 57
16 111
57 44
26 90
16 8
121 148
132 131
42 13
33 118
139 157
14 32
85 131
44 39
4 28
74 151
91 13
74 59
102 147
21 20
99 23
49 43
70 9
47 79
76 93
44 94
62 67
74 127
52 29
4 15
8 127
74 158
7 6
74 128
10 64
78 91
5 15
64 63
107 17
64 151
4 12
31 6
49 90
121 2
64 119
15 89
113 21
24 88
6 32
14 158
70 93
49 45
10 104
127 14
40 118
150 2
64 88
57 126
145 78
35 61
154 42
11 16
23 39
56 102
48 67
16 74
16 81
56 141
44 115
15 52
52 10
102 141
44 86
102 117
5 128
8 32
148 39
149 106
68 26
8 17
85 122
119 57
71 86
7 63
88 67
16 28
35 110
33 121
105 70
47 2
43 86
34 23
12 36
7 64
91 19
136 13
46 45
144 23
72 164
11 88
75 11
56 74
104 29
105 48
117 158
3 23
154 12
56 126
107 119
28 75
135 90
31 14
57 62
37 79
119 117
52 74
155 116
97 102
156 2
24 93
4 11
71 30
165 91
68 23
4 151
43 158
16 75
162 2
59 88
26 91
136 51
149 140
35 52
92 115
117 86
49 6
52 89
49 71
59 119
32 14
15 61
49 75
60 80
154 90
38 33
48 71
175 0
105 17
4 7
132 12
117 77
42 34
121 120
28 59
168 108
138 100
44 61
4 97
58 104
104 141
58 30
97 63
76 52
59 16
17 15
137 109
6 171
43 52
11 6
148 41
4 43
40 113
59 89
44 48
64 97
64 126
26 60
98 81
102 77
155 21
61 158
58 6
19 91
85 91
11 15
24 6
18 42
84 13
16 86
56 134
62 71
27 94
93 75
85 103
88 5
56 59
59 117
24 4
100 108
117 29
104 71
42 162
54 16
11 151
61 166
29 58
118 34
12 4
115 92
58 61
66 34
26 23
4 119
4 140
38 160
10 67
68 41
33 38
27 58
140 102
125 124
135 91
6 14
78 68
4 106
49 61
74 71
91 84
57 71
5 126
0 35
72 83
2 142
54 44
102 109
15 126
148 113
95 79
88 104
76 5
54 88
143 150
117 27
13 73
98 39
48 93
59 114
29 70
49 55
102 88
58 81
151 93
110 102
26 19
117 44
102 104
97 30
137 39
64 81
27 17
36 145
10 52
56 63
43 81
107 35
78 39
62 86
98 110
60 85
119 93
76 43
4 54
64 52
140 25
63 93
97 52
22 85
43 114
118 41
61 119
104 4
7 28
110 149
31 28
35 149
27 25
35 140
70 102
155 91
58 158
13 156
100 61
22 103
155 117
54 104
10 102
13 26
169 35
97 59
72 144
49 116
8 114
74 9
74 86
55 117
56 88
23 150
11 59
31 5
15 32
3 157
6 28
78 96
29 28
15 108
88 28
57 27
16 14
81 62
27 88
89 32
0 110
148 33
11 28
49 126
156 85
127 86
104 28
33 41
59 5
14 71
28 39
14 67
58 77
117 127
119 14
140 80
99 42
28 62
52 57
7 128
38 118
148 73
159 22
59 77
56 16
114 8
47 170
151 104
19 87
170 47
59 10
54 127
92 71
146 178
10 44
58 14
49 134
78 12
68 155
107 94
49 127
159 156
127 67
14 8
88 29
74 6
52 28
23 144
64 48
142 157
7 4
96 37
42 23
68 72
45 164
2 87
1 89
41 68
56 10
19 143
19 174
165 146
158 127
74 67
36 154
33 23
97 111
13 85
157 123
70 81
58 29
40 148
78 55
43 67
75 117
43 74
148 2
97 67
99 85
114 163
52 17
149 5
35 5
24 128
162 136
179 39
98 152
100 171
57 4
64 111
23 91
61 93
59 111
71 52
43 141
14 119
107 1
64 128
63 86
119 115
97 4
59 62
49 130
133 78
106 57
13 122
98 14
97 27
42 78
74 53
47 161
144 2
29 5
107 14
64 92
117 109
153 34
74 63
28 32
77 93
117 81
11 5
110 140
136 21
27 117
97 5
103 23
54 64
41 121
102 93
99 73
27 104
136 23
10 29
107 4
169 98
16 117
80 93
155 51
135 37
63 62
40 120
148 85
15 166
26 72
74 43
49 102
72 96
35 44
4 102
48 30
70 74
100 166
85 84
43 140
68 78
43 7
177 100
18 73
91 116
166 109
57 11
42 154
70 28
79 37
42 99
85 23
12 145
78 131
10 126
2 51
146 79
64 53
6 147
27 63
100 177
74 81
42 122
61 15
103 90
48 126
72 146
121 41
56 71
4 88
76 16
42 84
62 44
84 23
106 15
104 86
113 142
3 90
155 45
78 155
11 14
47 3
78 85
43 134
10 6
53 17
148 120
33 120
26 103
42 37
58 1
87 174
105 126
105 127
63 9
7 102
107 86
16 141
105 8
75 55
42 90
91 131
62 28
107 77
6 119
127 93
14 9
54 4
76 56
11 128
16 94
16 110
5 4
64 86
64 6
28 4
85 96
42 155
15 29
107 71
36 93
43 6
178 146
169 127
63 14
117 5
148 160
119 61
99 49
41 118
42 146
15 114
87 2
26 41
59 93
14 63
24 61
46 50
117 6
97 32
13 60
117 147
16 93
56 94
132 103
36 159
27 77
64 134
59 115
97 61
102 5
66 160
35 62
9 14
154 72
63 77
27 14
14 127
85 34
56 61
97 57
98 149
78 26
148 26
18 136
98 175
63 147
121 34
43 63
10 27
68 60
16 27
44 63
12 154
44 93
35 75
98 35
119 32
151 29
113 40
52 102
149 119
86 71
106 93
156 87
43 102
174 51
42 51
45 50
6 127
56 86
18 85
74 163
98 86
139 23
65 82
18 150
140 106
6 114
3 85
56 62
91 26
16 53
157 144
26 73
35 0
57 25
52 158
99 136
68 22
2 79
77 6
24 75
178 37
15 94
75 43
19 2
58 96
59 102
43 29
35 98
59 44
78 162
145 95
10 56
145 165
72 13
53 52
40 13
81 5
74 14
149 64
27 16
11 43
78 145
52 127
27 64
5 32
11 71
63 104
19 123
6 15
77 8
113 144
28 93
133 39
155 83
95 130
54 86
26 96
117 52
78 34
58 57
52 43
149 15
41 38
102 44
85 60
66 73
74 4
78 129
49 44
105 14
39 127
58 11
102 75
113 26
117 102
64 141
58 74
65 21
104 114
102 115
62 17
78 51
5 30
17 14
7 67
32 63
60 103
52 86
11 53
56 58
36 78
155 144
58 28
33 73
26 146
115 62
1 27
149 62
74 5
102 6
12 78
23 13
6 11
18 157
31 93
91 34
78 36
19 73
6 93
4 114
3 73
84 90
49 28
98 119
110 0
177 168
85 13
14 89
64 127
145 159
59 86
88 27
52 94
91 90
54 14
61 44
7 53
52 30
44 127
174 87
64 29
43 16
162 144
59 15
59 75
43 64
52 64
44 81
5 114
39 25
148 83
6 102
43 89
155 85
54 57
91 39
27 75
149 0
27 48
123 18
76 4
72 137
76 119
137 176
86 127
59 25
96 152
26 34
59 158
7 88
102 126
83 155
98 6
99 157
174 150
10 127
11 75
91 69
117 134
83 117
62 102
6 67
154 91
