224
0 1
2 3
4 5
6 7
8 9
9 10
11 12
13 14
15 16
17 18
15 19
20 10
21 22
23 24
25 12
14 13
7 17
26 27
28 29
30 31
32 33
34 35
36 37
38 39
40 41
25 42
43 44
45 9
46 47
48 49
50 51
4 42
21 52
53 54
55 56
36 57
34 58
58 59
60 31
45 61
62 63
11 32
64 65
39 66
67 45
38 31
19 68
5 69
70 71
72 73
37 12
36 25
60 30
74 75
17 76
60 32
43 77
20 53
78 32
79 80
78 45
81 60
82 5
14 83
46 74
84 59
85 5
70 86
2 87
88 31
28 6
61 75
67 15
68 46
22 79
30 49
77 74
89 90
63 47
76 33
91 92
93 28
51 94
64 95
69 18
76 43
77 66
0 96
42 34
29 81
18 97
88 98
99 100
90 47
84 17
101 102
103 104
105 101
105 78
19 46
69 59
34 31
11 78
46 4
4 106
107 23
61 16
104 108
5 44
81 11
55 79
65 64
45 58
90 109
37 101
60 78
90 10
5 74
8 77
21 110
63 53
19 9
32 67
111 112
32 101
68 102
60 113
114 19
42 71
60 108
51 115
85 11
28 43
28 38
116 117
74 19
118 97
119 14
46 71
7 68
114 17
119 120
25 16
121 42
77 75
122 17
97 67
123 124
81 76
67 42
66 125
126 127
84 8
1 71
38 75
121 58
128 123
58 129
130 115
36 131
121 39
25 114
25 17
118 60
15 44
132 133
58 134
12 42
65 80
77 105
40 91
60 98
15 58
85 68
14 135
131 76
105 93
74 46
34 118
85 105
14 65
32 105
5 45
136 137
111 138
114 31
80 126
139 1
16 25
32 88
77 44
76 82
58 81
88 10
140 129
133 141
29 28
142 50
48 141
143 9
45 4
144 113
64 52
14 55
93 43
18 78
46 58
85 122
43 145
56 115
146 108
74 147
34 5
28 122
93 77
25 60
34 49
148 21
126 83
106 4
48 96
149 141
150 119
5 76
37 118
12 133
151 71
55 13
76 113
74 82
88 15
27 108
101 11
9 19
97 17
35 0
59 19
152 153
15 81
30 32
118 17
4 101
154 111
42 46
69 144
155 156
69 77
23 94
132 10
77 101
82 19
64 79
69 61
61 88
119 110
16 5
77 15
144 76
6 9
157 158
159 160
161 96
30 93
141 162
107 27
4 45
138 163
9 93
27 107
115 90
8 144
60 104
120 135
52 126
46 9
13 164
60 102
107 3
74 118
5 31
93 17
119 165
3 129
60 166
30 16
23 110
67 12
161 71
54 167
122 12
25 105
122 77
168 1
43 8
122 61
29 58
34 74
58 78
42 144
61 43
105 38
61 37
79 146
81 78
76 34
29 32
19 34
166 18
32 74
101 5
85 59
149 1
168 47
60 12
49 96
169 170
4 88
17 114
121 88
51 83
69 12
14 159
68 78
25 102
4 31
68 93
118 74
12 43
84 33
25 49
13 158
131 93
78 81
63 162
127 99
51 50
99 91
28 60
171 96
11 37
55 172
5 121
125 129
69 11
32 42
168 173
45 102
78 30
33 69
114 44
68 45
76 11
98 71
40 163
19 32
133 100
3 104
29 98
30 46
118 34
11 44
67 121
142 90
25 63
17 28
34 45
31 43
45 118
74 58
174 173
114 15
118 67
75 42
29 42
39 2
32 19
19 142
149 161
142 67
93 74
82 28
89 175
19 31
31 118
6 37
45 93
64 176
175 177
54 116
101 81
42 114
30 19
175 64
34 105
90 53
23 90
168 133
165 150
60 75
80 107
88 69
33 114
90 156
59 78
4 143
81 5
175 176
155 6
91 121
69 101
60 114
75 38
60 121
44 78
178 99
55 89
25 44
13 179
122 60
15 78
115 180
93 9
52 128
11 121
166 84
37 61
120 175
141 63
89 176
45 42
42 28
106 84
92 137
146 80
144 82
69 7
88 19
181 63
28 33
61 69
42 78
44 37
67 32
103 129
77 106
99 182
80 175
175 169
97 101
72 183
29 166
122 42
58 98
33 184
185 95
132 0
92 91
166 93
34 82
76 44
77 8
186 115
33 5
145 82
146 95
85 31
18 33
33 122
43 106
46 76
1 116
88 17
11 93
23 79
90 66
178 39
18 122
173 63
51 187
4 61
81 46
126 188
121 4
76 84
85 81
23 158
78 31
28 76
78 93
60 71
151 0
26 100
172 176
75 45
84 4
189 40
37 77
11 31
18 166
77 46
43 68
25 46
34 25
63 161
2 109
22 115
97 12
76 184
0 174
178 91
142 19
23 180
97 114
37 76
60 19
161 174
8 5
46 7
35 33
190 173
53 0
44 93
4 114
160 65
191 117
33 121
166 76
50 64
44 33
149 98
25 71
42 143
63 190
5 129
81 44
131 68
25 33
175 80
134 58
5 58
59 102
61 74
17 29
0 47
172 89
190 53
86 133
12 101
30 37
59 37
43 134
28 85
81 34
89 159
115 22
25 15
64 22
61 68
122 16
20 47
143 28
114 33
90 141
74 33
38 11
11 58
166 43
115 130
42 43
192 129
78 118
77 19
140 91
60 122
75 77
7 9
0 104
15 32
32 37
88 61
65 160
39 138
45 113
4 131
188 79
193 91
18 45
73 77
119 65
17 19
12 68
73 72
43 31
16 45
90 129
172 52
46 102
4 105
78 42
67 81
58 42
64 153
22 89
101 46
65 169
80 90
161 63
15 28
38 28
143 122
31 17
2 142
78 68
194 87
32 18
6 71
18 15
122 19
195 128
2 21
85 4
69 19
193 39
5 49
30 84
74 42
78 16
109 196
9 113
5 19
77 84
29 77
175 179
37 42
15 18
65 177
101 69
46 19
11 77
12 60
23 83
97 59
25 101
81 102
51 23
22 51
12 46
60 129
2 197
67 84
152 90
127 91
34 84
33 44
4 75
73 38
9 133
74 11
86 0
75 105
7 145
78 61
15 11
43 114
8 29
97 11
191 98
15 69
32 4
43 15
5 34
79 175
15 33
97 34
76 78
46 37
29 74
31 29
198 23
85 76
29 67
74 59
18 88
72 77
46 17
148 22
147 81
102 71
84 30
5 143
77 37
36 19
31 93
159 14
52 64
42 33
17 61
133 86
23 64
34 61
166 97
7 32
46 85
90 34
86 161
42 74
19 58
90 104
39 121
31 5
39 127
12 97
134 133
115 179
80 100
22 64
42 5
34 122
46 59
131 122
124 172
88 60
105 114
101 93
2 199
121 32
58 32
159 83
4 25
143 162
7 42
121 25
32 61
93 42
118 43
42 84
85 16
26 90
101 7
17 77
51 22
134 101
43 76
31 42
44 105
89 13
136 121
25 5
107 80
36 74
34 46
115 153
70 63
32 118
46 5
138 66
78 5
29 17
121 200
73 5
36 81
7 81
4 57
66 104
37 16
183 57
8 98
166 4
92 41
144 9
16 67
68 4
32 57
39 201
114 166
43 59
44 7
111 91
77 93
115 56
19 33
64 83
6 0
18 118
53 161
59 84
78 105
166 11
43 93
161 133
59 15
195 123
60 18
14 119
62 49
34 18
43 18
5 28
88 97
74 16
105 77
82 84
77 102
75 61
142 27
202 92
69 93
64 23
60 28
33 17
22 126
181 98
23 51
35 133
166 12
4 142
78 85
93 101
78 60
129 108
74 93
88 18
52 180
141 98
46 34
42 31
29 76
28 118
74 29
76 36
122 9
25 85
11 75
25 45
44 114
114 105
143 174
80 26
60 88
28 19
70 168
11 38
126 124
20 108
145 84
60 93
4 121
11 29
28 42
46 61
28 97
144 122
91 193
10 133
77 131
7 25
34 71
161 86
134 10
166 7
44 74
60 3
159 135
11 8
134 34
114 5
29 82
7 28
34 9
11 9
74 166
44 4
31 45
101 78
126 180
80 110
67 101
42 18
5 67
29 68
61 44
35 53
98 162
12 162
173 151
18 81
35 145
39 136
75 93
48 86
101 12
76 105
120 119
32 166
8 74
145 53
143 133
12 18
17 31
18 11
22 110
19 36
8 44
77 60
0 100
77 85
89 146
58 133
78 69
107 203
152 115
106 43
45 105
66 204
27 142
79 23
82 145
115 109
85 58
84 67
126 109
88 7
48 63
101 43
5 105
36 72
69 121
45 60
43 84
17 93
82 68
107 115
2 153
61 18
41 39
159 180
166 37
140 154
22 65
80 79
166 33
15 76
37 44
30 71
37 43
84 31
115 152
205 142
11 101
36 101
74 15
17 102
64 50
166 122
166 42
19 93
4 59
19 25
67 34
123 140
18 5
93 59
77 122
17 49
45 17
29 30
28 114
17 69
43 74
23 126
174 71
32 36
34 42
62 141
56 23
161 53
77 67
42 82
20 173
133 53
93 88
81 58
82 104
76 7
144 74
75 60
59 42
74 7
44 206
0 133
125 108
84 5
118 75
142 100
31 101
192 66
130 80
61 76
69 44
62 116
166 67
67 7
67 28
36 114
45 59
58 74
85 113
101 131
81 43
189 140
207 2
4 46
34 44
48 1
23 95
19 75
77 57
190 10
28 15
127 126
13 159
23 196
118 19
78 7
4 71
43 16
43 131
142 87
45 122
154 140
69 76
131 17
122 46
166 16
19 12
61 12
32 122
93 75
76 59
4 81
139 47
19 8
37 113
45 29
90 100
62 47
126 176
161 102
162 102
86 1
159 115
78 144
25 84
64 2
144 45
78 84
126 161
12 67
45 206
74 68
151 98
31 88
74 44
43 82
16 4
5 33
80 52
12 122
19 4
74 43
11 28
2 115
33 32
4 141
20 145
11 74
17 44
134 113
5 113
76 71
161 1
43 85
67 4
133 162
60 5
122 97
129 125
12 44
85 9
78 74
7 60
93 36
32 34
61 67
198 120
45 37
90 89
93 18
20 34
74 78
5 8
101 113
34 37
16 166
51 95
22 208
4 43
40 189
35 67
166 101
150 165
105 84
57 126
177 55
5 15
166 15
99 138
51 170
34 59
59 97
28 121
75 28
8 17
134 98
69 71
4 118
74 81
123 92
90 209
16 61
58 131
37 19
78 131
17 46
76 67
146 100
107 90
172 124
78 11
22 146
55 180
94 159
190 71
5 7
159 179
5 32
78 97
59 93
59 45
90 26
68 10
9 7
119 179
82 3
39 178
114 30
80 210
29 43
85 8
119 95
79 2
63 0
68 5
44 88
60 81
81 17
124 123
191 133
5 12
19 166
28 69
7 74
114 34
133 174
42 68
106 77
84 58
119 150
70 98
106 34
65 203
94 23
42 81
101 114
101 76
29 34
0 53
42 88
58 97
43 45
22 21
7 76
89 196
5 78
126 80
34 19
123 108
25 34
18 101
11 43
5 134
80 66
141 71
55 126
191 47
25 1
124 160
55 51
4 129
118 28
19 28
172 64
145 37
24 177
45 15
96 49
69 4
35 34
79 64
40 112
26 2
97 38
104 129
5 4
37 58
81 75
61 77
4 44
81 12
13 172
90 142
31 61
58 174
28 18
4 74
35 19
28 88
122 131
118 42
97 15
45 7
25 32
44 5
107 210
12 16
58 36
99 127
174 141
145 19
12 166
123 195
55 186
29 69
134 86
69 85
34 81
67 8
57 98
30 45
17 42
45 101
0 129
23 66
68 82
26 129
64 55
0 54
59 43
166 60
93 166
25 7
211 116
18 34
55 187
97 85
109 115
46 43
173 71
97 5
60 25
31 114
17 118
43 166
32 7
84 122
122 85
8 84
12 76
88 0
2 152
201 39
112 39
81 113
58 35
139 98
70 48
115 95
69 32
93 29
58 31
89 187
188 2
67 76
2 212
7 166
19 15
44 32
190 151
198 196
189 178
34 7
138 100
31 59
34 32
105 11
29 16
45 144
17 78
16 121
19 143
76 42
75 31
5 82
34 43
45 74
99 39
69 122
32 8
149 10
22 180
43 37
122 5
23 22
36 71
7 93
18 69
132 53
121 67
38 76
68 43
69 37
166 19
6 101
19 35
68 19
45 16
45 97
45 121
206 29
31 105
78 17
121 178
69 114
7 46
16 102
74 144
122 28
97 18
166 102
62 162
15 82
166 9
114 74
178 138
4 17
32 11
16 69
89 51
37 28
11 76
93 49
144 11
126 64
166 114
146 22
58 1
2 26
67 33
154 99
2 55
67 37
0 20
8 25
61 5
47 86
80 3
86 10
90 213
63 86
166 17
31 19
90 3
84 36
16 17
25 166
162 141
68 122
74 67
42 73
191 161
172 55
40 39
144 78
60 97
136 112
191 71
16 76
63 116
126 89
19 84
81 45
143 102
23 107
97 58
85 78
74 18
127 154
63 133
19 144
32 76
32 97
45 143
80 64
90 63
69 84
78 34
127 178
99 121
115 146
34 97
69 29
60 45
30 161
2 164
18 43
77 61
4 29
62 86
45 76
166 32
90 27
143 161
44 42
64 80
165 200
4 93
19 16
67 60
118 25
88 76
61 58
70 190
42 45
30 134
30 98
58 25
11 30
43 81
46 15
19 82
37 34
75 97
101 84
143 66
55 95
88 43
30 67
122 101
43 17
60 69
130 152
2 47
15 166
39 38
29 5
34 73
132 141
33 77
74 101
115 79
109 130
31 25
46 88
175 120
5 117
69 60
4 85
46 45
161 10
69 147
43 12
126 172
147 19
8 71
9 45
17 97
32 15
32 121
93 45
17 166
28 144
133 0
59 101
84 32
36 61
134 141
5 3
145 116
101 4
32 44
101 122
17 11
42 102
39 99
19 76
18 74
33 31
88 16
112 137
31 32
9 15
7 69
105 17
81 36
76 6
39 137
121 11
147 69
5 85
196 159
11 57
56 51
57 72
30 74
96 98
75 88
76 144
114 28
1 0
45 98
118 37
175 180
60 43
17 15
29 113
93 34
84 38
184 118
29 37
7 113
34 145
123 125
21 51
59 25
105 76
151 10
143 98
121 105
94 175
19 17
214 2
172 13
27 100
161 162
59 122
85 10
121 74
67 61
84 106
68 101
192 108
63 174
78 113
45 184
84 101
15 25
17 33
28 11
4 36
85 43
79 180
69 68
19 131
9 82
44 43
33 75
46 16
92 154
126 215
28 17
67 147
19 59
19 5
77 68
42 25
149 49
123 137
184 76
141 161
133 10
30 69
67 142
25 9
4 84
11 16
128 39
109 126
78 25
33 76
76 8
38 5
206 44
58 104
33 25
147 43
84 37
74 32
77 69
46 42
97 77
77 16
60 46
25 61
129 66
55 157
93 30
18 17
88 11
23 80
16 68
25 98
37 74
43 42
126 23
12 71
76 85
16 43
78 166
17 122
64 90
42 4
175 14
34 29
23 198
0 10
101 18
18 93
154 127
105 69
67 166
174 117
29 4
58 19
166 29
114 69
39 116
92 202
111 39
12 15
118 58
75 106
178 121
8 76
44 144
53 63
74 37
14 179
18 19
41 123
44 61
67 118
35 43
126 119
14 95
69 162
5 18
60 15
58 60
30 121
63 98
77 5
74 31
97 122
58 46
89 83
93 78
77 166
116 161
130 90
17 85
85 101
144 43
34 85
60 8
73 69
60 82
93 113
45 19
168 171
39 100
198 51
114 57
5 68
58 17
8 38
4 76
30 78
118 18
25 131
90 133
105 75
121 60
60 37
121 112
41 189
101 97
112 87
75 33
8 82
43 25
72 57
69 31
73 44
61 7
4 18
7 122
68 60
104 3
42 32
4 60
34 4
140 92
85 100
7 37
166 34
25 10
5 42
25 20
17 5
118 16
59 69
166 44
74 76
88 28
13 66
90 130
93 134
25 97
115 186
5 60
34 67
82 98
37 82
78 77
44 11
105 29
67 98
45 12
61 93
72 28
73 34
60 1
33 35
8 11
16 74
190 47
2 50
186 79
65 164
82 76
79 90
23 164
57 102
35 47
54 1
36 32
134 93
11 45
44 73
34 30
25 162
93 31
80 108
60 101
67 85
101 60
69 81
36 43
76 122
76 60
2 214
33 162
32 78
165 79
20 161
148 64
45 25
60 58
166 45
12 93
33 105
84 166
5 108
44 18
91 189
43 5
43 35
18 9
166 69
17 60
61 30
58 161
26 210
115 196
168 63
46 166
61 98
159 13
15 101
90 1
63 70
97 4
85 67
134 9
146 115
114 46
76 68
101 44
211 10
51 2
44 101
42 59
15 102
25 67
39 112
63 168
149 71
62 133
131 144
29 15
6 82
67 59
105 5
88 77
28 113
143 0
30 43
63 10
90 152
71 102
43 105
4 108
121 111
27 26
75 118
140 40
0 209
88 45
32 77
42 17
97 75
93 37
82 166
15 75
76 19
45 31
51 21
69 5
19 29
166 74
121 31
177 65
93 81
44 68
25 121
13 89
65 119
147 118
72 98
58 9
39 129
90 54
43 75
145 1
208 22
142 82
13 55
82 66
76 73
73 76
148 65
30 42
154 121
81 166
6 28
9 42
5 122
46 25
77 59
74 8
97 68
205 87
62 1
43 33
97 45
20 174
148 213
42 19
28 45
134 19
72 36
29 19
58 144
118 44
74 45
216 108
59 46
7 6
104 125
32 114
12 69
88 71
56 2
121 99
111 136
33 28
44 82
4 12
114 93
146 89
75 36
43 101
196 175
2 217
144 37
39 40
142 205
181 48
57 183
34 76
127 182
190 1
15 46
131 58
146 79
64 148
88 4
31 4
31 44
140 137
2 194
51 66
18 85
55 175
28 84
69 166
21 2
31 74
93 44
67 97
74 36
25 118
114 42
62 190
101 9
33 67
105 33
68 9
79 55
8 67
54 66
123 66
69 88
81 143
76 74
78 9
60 85
31 73
121 75
27 66
132 71
151 161
166 46
121 154
60 144
17 16
114 118
28 74
144 7
4 67
115 2
34 15
81 147
217 2
59 34
65 175
4 15
191 174
45 36
11 144
30 61
118 45
44 31
6 155
121 16
2 64
35 74
64 126
101 67
43 97
126 55
114 58
67 18
4 166
25 147
107 2
11 33
207 108
149 162
67 122
7 78
122 15
166 68
69 15
68 74
32 59
76 45
90 167
97 30
122 82
67 10
61 34
35 98
84 19
12 113
89 218
121 5
101 25
90 116
82 42
146 159
186 2
16 30
43 4
90 79
122 7
69 67
112 121
31 77
126 158
154 92
17 88
17 34
11 15
64 146
76 30
177 153
80 95
35 58
111 40
120 66
74 17
80 179
11 81
81 38
2 169
59 82
133 108
143 7
67 77
74 28
12 104
43 143
45 71
28 32
46 98
80 148
59 32
174 63
69 42
37 30
12 98
166 81
37 32
43 67
29 122
22 179
78 44
75 19
97 46
195 163
33 84
93 71
143 37
62 168
59 58
78 145
84 78
48 174
43 144
97 60
74 69
67 93
189 39
64 175
68 17
0 145
7 67
27 3
97 42
144 97
45 43
33 166
19 101
93 144
67 88
133 98
44 29
4 19
29 61
82 15
93 19
43 7
23 56
129 104
79 186
80 23
173 174
32 30
175 55
77 88
74 9
161 49
25 36
90 23
118 31
46 68
89 14
183 44
42 58
16 184
107 209
15 42
90 64
101 31
68 76
111 108
37 78
31 58
67 74
115 51
58 7
81 42
42 121
73 81
84 7
4 7
67 44
131 74
43 88
63 141
109 90
196 115
121 44
114 121
37 36
211 108
84 82
61 4
144 30
58 10
64 187
2 210
190 161
115 185
74 143
82 142
61 122
88 67
59 17
76 29
14 175
4 58
190 86
81 67
76 166
30 144
18 76
123 41
69 34
80 158
42 67
207 148
96 71
58 113
93 69
15 7
28 143
175 146
97 93
138 111
28 77
25 88
4 35
60 76
31 85
64 135
175 126
33 18
36 4
37 25
45 68
5 38
194 2
16 32
36 98
88 121
143 10
18 37
93 145
54 71
200 165
5 11
32 29
177 135
166 25
59 31
19 81
146 213
93 61
16 42
69 16
58 0
36 67
126 13
44 34
107 66
16 31
62 98
42 37
4 69
67 29
122 59
22 124
43 113
76 58
114 81
90 86
4 32
138 193
147 102
77 108
1 98
118 82
44 76
175 21
85 29
62 102
75 32
14 170
7 102
192 104
65 21
4 98
7 144
85 162
59 85
85 77
121 127
81 4
56 90
39 41
46 81
85 19
91 138
138 121
18 32
37 98
81 74
25 74
15 4
42 101
82 129
84 105
101 42
147 25
76 88
126 2
25 4
174 10
190 168
143 68
75 121
63 49
29 18
74 35
45 46
37 7
2 186
1 49
77 36
45 82
121 45
68 44
59 5
66 129
41 92
44 67
77 11
15 97
36 77
29 9
13 95
31 36
11 118
161 141
28 16
4 102
85 75
19 118
45 81
126 57
140 189
25 29
97 76
29 44
15 59
122 34
75 67
60 42
97 25
28 131
2 157
134 161
21 148
166 118
31 84
118 93
97 69
44 8
55 177
159 153
77 17
133 71
159 94
11 42
144 42
28 4
81 7
12 167
30 76
58 29
44 121
11 67
51 164
62 108
96 47
101 28
77 31
4 97
143 78
93 46
175 135
109 198
12 102
190 174
2 129
14 153
93 60
19 44
31 37
90 19
44 12
151 53
9 81
60 7
67 11
5 102
44 19
140 123
34 93
196 170
90 218
79 95
15 144
88 32
145 96
97 144
42 11
97 29
126 14
77 33
37 145
159 213
80 115
157 14
52 21
115 107
42 7
146 148
84 114
34 38
152 2
62 174
114 11
142 108
69 25
77 81
76 37
75 69
52 95
25 82
45 141
34 75
169 175
7 15
90 210
17 43
69 28
97 9
105 68
76 101
76 32
36 76
143 42
85 69
174 161
63 96
54 86
144 84
42 15
44 17
1 54
56 55
42 105
186 158
162 71
86 47
9 85
69 73
82 43
88 42
44 75
89 22
111 121
46 122
85 141
131 78
191 173
34 90
15 37
151 96
28 25
2 107
94 170
196 89
196 23
31 60
124 126
45 134
31 76
20 63
134 74
121 108
61 17
138 39
104 66
61 78
25 59
11 17
91 112
16 77
142 53
15 9
45 69
190 48
161 98
12 118
17 7
93 102
7 34
60 17
25 31
78 76
11 46
88 93
17 25
4 68
90 174
114 84
120 64
55 170
133 173
85 34
111 99
4 66
148 110
166 144
97 32
114 144
78 98
191 1
174 1
69 9
7 61
159 177
202 108
77 72
114 97
5 114
152 218
58 12
81 47
4 122
105 121
84 68
12 5
23 65
44 16
91 40
48 53
127 111
93 12
77 97
19 45
148 23
17 113
42 97
8 42
37 84
80 129
31 131
43 121
28 82
4 33
34 161
6 76
122 76
61 84
131 36
48 71
34 36
117 116
177 159
32 144
67 17
157 55
42 29
29 97
65 23
8 43
4 11
175 50
8 78
17 74
68 37
2 79
136 39
77 28
12 129
51 89
17 4
51 126
52 80
32 75
9 97
35 1
9 78
45 47
5 93
188 179
133 47
77 25
74 122
74 60
144 25
114 60
14 89
105 45
84 34
5 43
165 66
28 167
44 15
43 11
85 25
43 9
19 77
67 19
131 34
148 196
28 166
42 60
73 42
98 10
67 25
67 43
146 153
5 59
59 9
19 122
18 46
58 68
99 111
149 102
16 122
48 10
25 141
18 144
171 63
45 67
15 85
8 15
12 61
40 136
33 19
84 77
31 38
50 175
121 19
7 88
43 19
121 166
118 78
43 98
159 55
31 75
14 100
126 187
101 36
145 86
16 118
44 81
105 34
40 137
16 46
42 98
93 98
47 96
4 144
115 80
39 189
78 18
37 15
131 43
31 78
85 114
11 69
146 180
123 91
46 18
13 157
15 5
159 126
12 45
45 18
43 60
34 60
11 4
101 17
79 170
17 101
17 206
4 16
49 47
90 219
20 25
7 19
175 79
166 88
101 29
30 17
190 0
145 47
42 8
37 68
45 11
70 161
78 143
121 76
67 9
38 84
21 65
134 45
76 121
82 101
5 81
161 116
45 78
80 83
15 43
97 81
159 146
121 91
30 60
61 45
85 74
90 115
138 91
35 71
8 97
120 65
84 145
140 41
134 5
17 98
118 12
106 44
117 10
122 68
101 19
74 97
30 34
46 60
15 31
85 73
32 17
76 17
54 174
53 86
20 98
69 97
28 9
114 85
166 75
44 25
66 3
5 73
17 59
126 159
145 141
65 120
79 22
105 25
183 102
159 187
37 1
97 37
31 67
11 25
4 30
91 163
81 9
90 107
90 153
178 189
69 141
90 155
119 89
5 77
17 9
32 93
25 93
2 80
80 153
115 89
17 8
91 111
109 148
20 1
58 34
64 120
119 79
73 28
46 101
44 28
46 93
169 56
88 58
126 211
43 122
37 59
71 162
76 77
17 75
5 101
169 90
45 5
70 1
68 113
24 23
21 175
63 171
80 196
55 14
97 8
68 28
43 36
112 91
42 69
30 102
25 78
84 44
32 84
89 179
168 10
78 28
124 22
136 111
31 69
7 30
133 129
76 16
145 20
2 108
76 145
8 59
65 22
28 58
115 148
111 127
8 69
58 77
16 28
190 133
151 63
54 53
29 25
79 126
78 53
97 44
166 121
91 127
42 76
16 78
76 28
37 5
112 182
131 5
25 8
162 133
89 153
85 93
129 3
118 68
44 106
28 34
61 25
56 169
174 0
81 19
159 196
22 160
77 32
18 25
42 75
75 17
177 24
118 5
85 18
114 32
54 98
122 45
58 162
86 53
25 19
36 93
131 42
206 45
144 59
101 105
190 63
5 84
81 29
79 51
42 16
11 122
166 82
97 28
46 28
101 74
5 145
146 176
148 115
58 37
62 10
36 38
145 71
111 154
190 141
60 9
42 30
114 16
166 77
126 22
36 75
155 90
30 5
220 167
139 71
93 16
69 58
43 78
107 26
25 11
144 6
42 93
38 44
30 29
21 95
43 61
89 52
84 43
196 148
143 101
67 31
143 82
118 166
22 80
32 5
15 93
79 188
37 45
78 43
48 133
81 25
90 71
196 198
89 119
75 25
126 108
142 3
88 46
166 28
32 69
97 74
89 172
43 29
91 99
39 193
61 113
28 67
109 186
15 49
5 131
15 34
147 63
114 76
77 114
118 7
7 58
12 144
31 15
102 98
60 67
88 44
30 58
84 42
77 9
184 33
4 147
19 43
76 61
15 77
88 68
175 65
5 16
76 46
7 84
76 15
32 28
33 66
50 2
2 126
145 78
174 133
126 170
122 37
31 7
178 127
43 102
75 81
127 121
20 151
37 17
17 68
175 89
151 173
115 159
77 144
69 8
5 88
131 81
90 2
0 66
120 198
105 32
61 29
88 134
162 161
39 108
0 86
62 161
85 66
118 147
88 75
5 29
78 82
29 31
62 71
91 39
97 43
32 82
97 31
4 34
17 58
105 67
82 78
143 45
25 43
45 114
114 77
62 129
11 105
63 71
76 97
67 5
45 166
28 78
42 44
143 47
62 96
101 37
93 15
34 141
5 30
93 105
74 84
185 115
20 0
81 69
221 100
48 98
211 98
133 161
142 2
27 90
175 164
93 122
9 58
134 174
67 71
134 71
76 38
36 116
57 36
80 109
80 104
28 75
81 93
8 19
126 51
16 60
16 85
39 128
107 100
57 114
43 147
55 64
159 89
67 69
18 58
32 68
46 78
73 85
131 19
58 15
213 159
105 4
15 174
62 151
148 108
19 69
93 67
90 161
56 153
12 125
26 80
43 1
43 46
23 148
34 17
128 52
98 108
65 148
101 77
31 97
23 108
42 118
143 4
79 13
58 45
107 219
25 144
5 46
126 175
59 74
119 175
4 37
145 98
44 30
37 31
19 114
82 74
143 129
85 102
17 131
25 69
77 76
119 64
27 129
4 28
55 2
5 166
82 143
7 45
172 180
174 98
76 69
93 68
30 44
84 97
85 98
2 39
70 173
17 81
76 5
145 35
90 0
43 28
30 7
23 170
34 78
19 67
33 11
44 38
15 45
29 102
99 154
51 198
8 101
35 10
33 45
11 34
11 88
148 207
183 72
12 34
37 69
112 136
36 84
77 30
78 15
134 1
78 37
17 82
42 12
33 4
33 116
69 17
32 45
80 65
55 159
28 73
2 209
88 5
106 75
28 5
58 125
63 48
145 28
65 196
54 47
19 88
98 47
76 12
80 146
2 100
68 7
79 158
36 106
157 13
146 175
29 60
175 83
165 119
44 69
166 61
16 12
54 161
81 68
78 19
45 33
31 33
144 31
20 133
17 144
51 100
61 9
185 176
206 93
190 98
5 37
105 16
63 151
90 56
17 67
11 19
61 32
16 11
143 34
121 144
115 169
7 44
30 116
201 108
169 2
117 161
80 219
25 77
81 77
25 28
5 98
107 129
196 65
75 166
25 18
20 86
74 61
28 46
7 43
84 144
32 16
20 162
88 37
39 91
59 67
61 46
32 43
84 28
85 97
182 99
168 98
43 34
131 101
40 111
34 143
107 142
60 68
2 218
51 180
84 25
58 76
28 93
185 180
17 37
26 107
105 43
33 43
93 5
78 58
31 11
144 206
144 121
14 180
118 46
105 85
67 30
81 15
25 58
76 131
60 77
92 140
74 114
151 174
5 61
28 61
30 68
35 54
74 121
14 157
93 84
143 31
11 114
93 25
96 1
101 16
186 80
2 188
185 135
67 133
58 82
34 69
19 134
6 133
114 43
25 68
93 118
171 174
97 105
61 31
82 9
181 133
43 142
101 68
92 123
18 44
74 4
152 56
42 108
120 100
67 35
8 34
93 85
77 73
43 118
121 114
67 36
12 37
4 82
136 40
2 90
159 95
126 52
131 31
81 97
30 97
16 19
14 126
28 7
90 48
8 85
2 56
45 162
128 92
18 67
131 9
75 85
97 19
36 58
175 196
2 207
34 28
45 28
76 4
69 75
28 145
74 12
148 80
120 108
75 34
142 107
31 144
38 36
9 67
55 83
121 28
105 31
145 10
16 37
15 74
35 96
11 97
69 46
19 42
4 78
37 60
99 178
102 141
90 80
146 110
53 133
75 43
12 74
37 67
44 118
94 51
78 71
75 74
19 74
43 69
90 108
31 16
62 53
67 75
31 121
97 118
90 169
166 78
60 74
68 105
93 58
76 31
101 82
81 18
62 171
75 44
4 9
19 147
44 84
58 49
14 187
33 15
36 31
151 133
9 25
119 146
62 0
67 16
85 17
119 23
17 45
74 85
30 77
45 34
5 25
98 102
161 47
6 102
52 89
12 58
77 43
80 2
143 71
75 4
88 25
49 1
74 131
60 118
8 31
62 48
58 93
90 98
29 101
5 118
37 97
143 74
145 7
145 113
44 183
58 43
78 46
132 161
91 100
5 104
17 105
43 58
58 100
11 5
25 81
91 178
78 59
51 158
119 55
81 71
31 143
112 40
19 7
9 18
13 79
42 166
45 75
59 18
93 114
122 29
166 5
34 11
54 10
28 98
36 34
143 1
138 99
34 131
186 90
97 84
74 25
16 15
91 140
0 151
222 66
9 101
74 77
60 29
122 144
145 76
77 4
58 85
60 11
11 85
38 81
97 78
68 84
119 22
16 44
52 172
107 223
119 51
4 134
46 12
189 91
123 111
46 77
41 66
4 77
104 204
88 118
132 47
91 123
121 43
41 40
25 75
28 101
42 77
102 162
114 36
9 98
67 102
58 84
58 47
84 76
42 113
12 81
147 67
76 93
44 60
106 36
69 45
123 128
43 30
133 116
13 126
68 16
19 102
122 84
19 121
15 60
41 140
114 101
59 68
58 5
122 43
37 143
159 170
19 37
16 88
32 25
169 115
76 18
93 76
114 4
145 173
114 102
184 45
49 161
73 31
84 74
45 32
193 138
4 1
67 105
33 42
177 175
94 64
131 77
69 78
17 32
59 77
7 5
20 141
68 58
40 140
28 68
145 93
58 28
62 173
56 152
76 81
19 97
182 127
19 78
121 30
82 144
15 17
7 143
144 19
69 43
77 42
172 126
132 1
13 153
186 55
144 77
16 29
39 111
7 31
101 45
93 97
143 81
11 18
32 58
38 105
44 97
206 17
112 111
9 74
19 18
17 12
65 14
191 49
42 9
189 41
49 71
80 130
138 178
121 136
68 81
48 173
93 131
60 16
51 56
23 135
93 11
27 104
126 87
88 166
105 97
67 82
76 25
90 186
29 144
61 28
93 4
74 34
142 4
80 186
82 37
121 69
67 58
126 79
114 29
19 60
51 55
19 85
121 33
25 76
38 34
12 25
11 60
45 88
54 100
12 19
111 123
70 10
42 122
145 0
191 132
51 79
58 18
109 80
7 82
143 19
114 25
8 32
46 69
161 0
34 106
102 85
28 81
17 84
92 128
81 114
12 28
145 102
76 114
9 144
37 46
118 32
59 98
52 187
7 101
104 100
85 46
77 58
80 22
36 45
85 15
89 55
121 138
16 98
58 101
61 19
5 17
128 195
2 51
19 11
37 93
105 60
12 17
185 187
96 0
81 85
15 98
61 36
44 77
75 11
37 71
97 82
186 109
38 73
11 166
59 76
5 9
22 148
93 32
191 10
206 144
28 44
93 7
69 38
109 2
46 114
84 93
75 15
23 210
64 172
20 71
196 80
69 118
77 78
122 74
7 98
122 78
118 88
43 32
85 60
182 112
107 204
54 0
57 32
173 10
16 93
177 170
42 162
54 133
144 28
63 117
34 134
74 5
37 144
60 34
45 30
33 74
5 144
76 98
31 34
6 116
32 31
11 68
211 71
38 97
17 30
70 133
142 129
213 175
63 173
28 37
60 162
162 98
5 97
69 74
147 74
22 23
60 4
44 166
25 37
78 4
77 29
4 8
38 69
18 29
60 105
81 73
131 25
141 133
78 101
38 8
68 166
152 130
127 39
19 61
