182
0 1
2 3
4 5
6 5
7 8
5 9
10 11
12 13
14 15
16 5
17 5
18 3
19 20
21 1
22 8
23 5
24 25
26 27
28 29
30 31
32 33
34 13
35 3
36 37
5 33
38 39
40 8
24 41
2 42
43 44
4 45
46 8
3 44
47 48
19 47
4 12
49 8
24 50
51 4
52 48
53 1
28 54
55 56
9 57
5 39
12 43
58 59
18 13
3 12
60 61
9 33
19 14
62 33
63 5
0 4
64 65
58 47
29 13
19 5
5 47
21 47
66 39
67 27
68 69
70 5
9 68
62 8
44 48
71 61
1 3
72 44
9 65
19 33
73 74
58 75
76 18
42 77
52 3
18 12
1 33
60 29
57 3
21 29
78 79
9 80
29 81
15 14
5 14
77 50
25 5
2 4
73 42
52 12
82 12
83 8
84 20
83 9
23 57
85 3
28 86
24 71
87 67
88 16
89 8
90 5
84 12
18 47
1 91
89 46
49 33
92 77
24 4
28 3
6 48
2 13
1 10
93 8
30 8
94 13
95 13
7 16
40 61
96 97
77 92
33 19
20 44
41 4
4 33
25 8
78 61
98 33
77 33
60 5
57 23
18 42
99 8
9 28
18 0
12 47
67 100
29 47
84 47
101 57
102 35
12 19
25 35
86 28
58 48
68 81
71 81
3 39
103 9
104 33
33 38
16 3
24 8
70 81
68 8
42 41
46 9
14 13
70 33
5 61
105 44
84 29
29 3
106 33
107 8
41 53
108 8
12 20
8 56
27 8
109 8
28 82
33 110
52 33
4 50
1 81
5 18
19 44
111 37
88 33
9 40
21 13
74 46
78 4
47 43
10 1
0 78
112 33
6 29
78 5
21 48
49 61
42 45
9 113
32 8
68 114
78 3
83 44
4 1
78 33
28 33
9 81
66 59
101 43
27 3
28 50
40 3
109 50
9 12
115 33
4 8
84 5
73 59
9 60
116 33
115 117
92 41
103 39
118 44
85 33
50 0
83 59
42 1
38 27
115 8
119 27
77 45
56 46
53 50
9 3
16 72
33 67
56 8
95 29
110 27
79 120
9 63
121 3
86 47
3 61
122 9
71 33
25 78
9 85
18 33
2 123
5 20
9 47
40 46
124 125
0 51
107 81
107 9
16 29
126 111
74 44
74 27
5 23
26 52
56 40
125 124
33 83
127 38
19 0
28 12
4 24
38 128
9 14
20 43
26 129
78 71
19 9
15 84
103 61
130 131
132 3
9 52
41 10
5 133
105 73
8 113
35 9
21 39
117 41
1 5
24 14
22 41
21 5
4 18
1 25
49 27
9 95
50 25
12 61
80 9
44 20
10 8
89 42
9 38
57 81
24 5
0 77
134 75
25 33
9 70
76 39
70 9
8 27
135 136
33 137
26 95
90 77
73 33
83 12
15 9
56 138
24 89
9 5
139 41
5 16
67 8
0 8
118 8
139 8
21 109
41 2
50 90
9 122
82 33
140 31
141 8
14 5
142 5
117 8
42 8
83 113
23 6
9 83
72 3
67 33
25 1
9 84
101 5
88 12
9 72
143 27
33 62
27 37
33 8
117 115
57 47
107 44
0 142
38 127
77 42
57 25
25 77
71 13
28 47
27 129
69 44
77 0
82 84
92 0
57 101
105 144
72 48
78 8
145 61
22 3
28 48
2 5
109 48
15 12
41 22
6 101
107 48
34 33
78 2
107 59
68 12
12 5
146 27
42 59
41 89
2 14
74 13
13 3
5 51
51 0
43 13
95 72
50 1
19 129
36 75
144 105
132 83
24 37
28 20
1 77
109 9
109 147
56 59
24 42
12 72
19 13
0 92
48 81
90 50
54 8
101 44
3 47
78 45
1 2
62 59
84 33
76 8
72 12
148 133
41 138
57 72
9 58
21 12
147 59
83 130
5 57
82 81
56 149
29 44
12 9
0 150
4 113
117 59
5 12
42 24
11 8
9 61
78 92
9 101
41 25
72 13
78 1
57 9
5 15
27 39
56 22
41 0
9 19
12 132
83 5
51 5
126 59
95 8
33 151
9 16
5 81
72 43
78 27
26 39
152 59
52 26
38 137
95 81
66 58
1 4
3 8
4 2
71 14
9 20
21 44
25 3
5 6
106 5
153 33
67 87
32 154
33 136
139 33
1 155
105 33
12 15
4 156
42 78
66 47
68 44
42 33
71 3
36 27
151 33
52 47
8 46
41 157
18 4
16 39
24 2
149 55
38 9
19 48
9 75
33 7
47 13
71 0
86 3
47 29
5 44
12 48
59 46
4 0
8 59
33 40
78 51
0 14
86 33
88 59
38 129
4 41
66 37
155 41
24 3
66 33
16 12
35 8
84 15
158 8
4 25
21 84
9 29
42 0
78 25
73 130
36 59
17 41
28 61
25 57
53 59
75 59
77 90
95 9
19 3
2 92
83 70
84 44
77 123
5 4
5 48
34 61
33 16
20 29
9 118
32 9
46 59
101 48
0 13
50 77
16 47
14 4
99 59
9 46
77 5
52 27
0 159
9 102
12 84
5 72
21 9
57 8
54 28
9 48
12 14
84 81
84 121
43 47
156 45
77 25
7 39
115 59
0 19
1 18
32 13
25 47
113 4
32 81
68 14
109 12
160 70
33 18
109 21
71 50
43 72
161 8
83 33
147 8
46 27
56 27
28 44
2 1
162 39
68 16
130 73
149 76
5 155
21 33
4 90
33 4
68 47
42 4
105 131
98 8
42 73
73 131
151 59
16 81
23 81
42 2
149 56
86 59
13 72
142 8
109 47
28 5
19 81
9 103
74 3
78 13
24 15
2 78
118 9
150 0
163 33
9 138
9 42
3 20
68 5
5 41
15 47
75 8
83 164
28 59
121 73
0 2
6 23
88 9
2 24
42 3
41 50
76 33
53 41
18 21
139 59
105 163
21 81
35 102
162 8
28 81
23 48
63 33
94 5
90 4
30 37
1 90
118 27
26 81
25 61
9 43
132 33
122 27
21 8
131 105
81 13
0 18
28 9
23 101
24 13
24 0
165 8
26 61
29 72
78 155
25 4
9 21
53 61
9 32
16 20
121 2
52 29
60 39
95 16
82 72
33 59
2 77
2 18
34 0
9 88
39 3
33 166
50 5
122 61
40 27
133 148
101 47
0 45
33 133
132 12
23 47
167 168
0 5
18 1
83 132
86 44
9 39
169 33
32 3
12 109
160 3
19 12
38 8
72 81
7 27
41 90
9 8
9 71
101 9
77 14
84 3
78 0
9 104
68 13
117 65
0 25
147 46
33 85
105 27
9 4
8 62
9 107
103 59
111 46
136 135
84 82
130 83
40 59
151 3
9 166
170 8
43 48
0 3
44 29
33 21
5 109
68 9
16 80
78 81
134 8
129 27
18 81
27 61
118 61
26 84
74 8
55 149
24 77
53 5
101 6
84 43
3 81
42 18
21 147
42 89
25 42
35 33
13 81
171 172
103 27
9 109
88 61
173 33
174 7
1 50
2 121
118 16
136 33
134 27
14 39
109 5
2 0
62 44
41 1
88 44
21 20
92 33
4 42
78 59
147 44
77 41
3 13
12 81
41 18
99 33
12 33
101 23
16 44
60 3
78 15
33 34
16 61
12 44
33 9
2 41
15 50
86 13
83 18
42 159
15 13
41 24
14 12
89 24
32 27
57 48
8 39
95 26
5 27
20 3
90 1
133 5
12 29
27 33
128 38
156 4
72 20
15 33
83 81
3 72
9 35
78 14
5 1
151 8
140 8
83 27
112 27
41 42
38 33
0 34
77 2
28 72
5 29
33 73
70 160
9 27
14 33
104 8
101 80
15 8
62 27
10 41
77 159
21 46
77 18
47 20
148 5
33 113
52 84
117 46
43 12
5 45
13 12
70 79
54 44
107 5
131 73
175 39
43 81
50 4
2 37
82 3
120 79
74 81
19 43
35 59
80 101
9 112
5 32
21 27
105 8
7 9
1 27
4 13
68 61
68 1
71 1
155 8
84 9
33 41
24 90
105 37
1 41
9 59
72 33
134 3
92 5
176 37
60 8
5 13
170 2
68 75
5 71
78 42
147 5
109 27
147 39
84 13
23 8
9 44
145 38
92 4
58 8
57 44
1 42
62 162
0 42
0 24
97 48
92 18
66 61
95 12
33 99
92 2
26 8
18 41
25 0
102 25
172 171
35 25
32 39
41 77
53 44
78 77
80 16
9 97
42 61
38 3
84 48
34 3
16 9
14 81
5 92
77 1
73 105
6 8
101 8
0 71
173 8
2 159
177 8
84 27
24 1
155 5
84 129
20 47
38 5
74 59
151 5
2 170
26 3
4 77
106 89
41 5
60 9
26 29
7 174
73 8
9 26
9 56
92 1
117 138
57 39
178 45
84 95
0 33
57 5
179 156
0 41
101 72
24 44
16 48
121 84
97 96
73 121
169 45
71 9
0 27
15 5
31 140
147 48
32 5
5 8
56 9
101 81
9 15
82 13
112 74
16 68
9 18
78 18
42 44
5 3
77 4
57 6
1 0
110 33
42 13
87 100
138 41
68 3
3 27
180 29
84 61
47 81
68 59
3 29
0 50
152 8
78 142
74 73
25 41
12 3
31 30
84 72
181 27
89 41
48 47
5 50
71 5
168 167
106 8
60 27
21 3
29 20
38 145
12 38
77 24
132 13
6 57
1 8
5 0
33 104
14 68
117 27
84 52
153 59
