225
0 1
2 3
4 5
6 7
8 9
10 11
12 13
14 15
16 17
6 18
19 20
21 22
23 24
25 26
27 25
28 29
30 19
31 32
33 22
34 35
36 37
38 34
39 40
41 42
43 44
10 45
27 46
47 48
49 50
51 52
31 53
47 54
47 26
55 56
57 58
59 0
60 61
22 62
63 22
64 65
66 17
67 11
68 69
70 71
21 72
31 61
24 19
64 56
36 72
43 29
1 73
49 38
19 53
74 61
43 75
50 76
11 7
56 46
77 7
78 0
8 79
27 80
38 20
78 24
81 28
81 71
30 50
67 7
22 6
17 22
82 83
78 70
78 82
84 53
22 49
85 34
4 86
64 87
54 22
88 89
90 91
68 92
93 42
43 94
12 8
95 13
22 96
47 97
98 3
26 99
100 95
101 102
78 92
19 12
26 103
67 38
104 105
106 75
107 32
108 109
50 57
51 110
111 8
57 54
49 112
22 68
113 25
99 76
114 115
5 34
33 61
53 99
8 2
84 20
116 50
117 20
118 119
51 36
8 11
120 80
24 0
121 122
25 70
66 123
81 50
43 124
8 92
67 125
59 22
31 79
126 9
0 68
49 43
121 2
27 127
128 3
41 55
129 108
47 130
27 49
78 59
85 131
50 53
42 81
74 92
0 19
132 19
50 98
24 99
43 133
134 49
62 13
89 116
42 7
90 135
114 136
41 9
75 137
22 80
138 57
70 123
114 125
139 2
33 103
140 141
117 27
11 142
143 144
100 145
104 29
143 3
36 110
75 72
6 20
27 100
76 70
43 42
146 92
41 131
27 133
57 123
27 107
0 7
9 18
147 148
138 50
149 150
134 92
151 92
28 122
97 95
152 16
36 125
80 21
39 127
138 153
124 88
82 112
8 154
114 53
0 128
39 36
59 8
25 59
133 33
121 91
22 73
155 107
106 107
11 33
26 54
39 103
21 92
61 156
109 5
114 121
25 157
27 10
0 158
0 47
99 138
18 2
27 122
117 127
70 42
63 159
6 53
42 49
64 128
149 110
160 147
27 30
46 71
161 47
147 79
7 33
78 54
22 118
62 106
68 67
102 41
12 22
10 92
95 103
0 87
0 162
31 18
47 103
147 125
163 23
89 53
24 46
70 164
0 140
165 166
125 160
59 25
167 18
89 16
111 36
168 103
21 169
98 30
31 92
156 52
108 170
1 81
2 21
29 106
155 72
2 73
171 12
172 27
84 99
111 143
4 69
55 173
42 174
82 175
152 6
42 4
12 171
176 21
95 15
64 112
170 103
177 144
39 64
8 12
49 8
7 72
16 116
178 115
69 169
34 162
7 2
68 55
147 8
11 160
116 121
161 86
8 66
10 82
41 86
42 63
43 78
133 68
24 22
98 124
21 24
141 5
61 79
30 76
84 49
26 179
108 79
27 43
27 149
155 176
170 52
49 3
42 98
149 18
47 86
31 180
76 138
123 50
132 174
89 120
91 27
120 128
114 42
149 126
144 55
55 176
43 70
2 44
167 38
140 81
181 141
42 99
22 81
98 29
47 72
78 172
69 47
72 2
145 4
43 181
43 35
133 13
85 27
182 169
0 116
114 116
22 10
22 26
76 133
42 18
21 56
70 18
22 138
22 55
123 90
162 22
33 21
183 29
42 91
98 140
43 81
70 184
33 11
39 99
82 29
176 8
46 81
45 57
17 44
68 169
22 33
0 185
30 11
114 178
13 99
70 24
140 35
2 61
151 140
49 42
17 50
93 92
27 5
22 82
82 48
106 46
21 152
9 105
30 186
138 19
187 22
103 170
111 92
78 55
22 169
2 41
24 29
22 164
36 168
113 18
4 64
188 173
155 74
165 127
27 28
55 102
89 98
28 144
140 119
55 133
141 62
0 3
140 95
57 160
189 49
95 45
71 106
18 144
90 58
70 190
117 97
105 29
47 53
191 65
47 69
27 47
63 84
33 152
24 179
111 57
192 172
47 3
154 8
39 57
47 63
176 27
123 175
9 16
7 160
33 31
67 108
113 0
170 155
1 124
182 166
111 193
52 61
90 42
139 61
189 194
62 186
62 195
32 107
9 142
11 75
73 92
42 46
50 196
22 4
82 182
33 43
8 13
133 78
64 168
98 36
102 161
27 105
47 160
113 1
140 13
149 56
4 91
140 151
111 39
42 69
140 63
197 34
156 11
68 49
80 198
90 104
40 158
169 186
90 20
155 61
57 84
33 55
36 88
138 123
17 66
176 53
104 142
132 78
6 105
120 64
50 66
41 171
169 69
140 55
49 9
70 43
33 10
8 144
41 102
41 13
119 141
6 71
77 84
24 27
199 95
6 129
70 30
58 61
44 72
42 147
0 6
47 137
47 0
42 195
0 103
42 54
184 172
63 53
147 155
152 177
133 43
50 84
5 53
64 82
200 193
133 59
121 116
16 9
91 5
9 56
59 11
70 78
102 34
83 183
62 2
42 75
59 92
138 33
64 0
28 142
53 18
47 16
5 81
89 18
95 41
103 55
41 35
176 140
155 11
99 49
18 106
66 19
169 46
61 170
59 133
91 55
201 97
44 92
18 31
47 122
70 153
62 6
68 52
189 92
27 2
198 19
111 2
26 22
202 203
39 98
9 8
55 79
92 2
129 21
202 163
22 186
67 8
87 128
21 108
98 114
42 198
22 28
98 43
114 57
11 8
89 124
55 18
42 0
36 177
30 182
74 45
175 185
99 133
149 168
188 144
2 7
28 121
165 59
204 97
84 33
47 59
42 64
82 102
126 20
24 34
2 11
22 144
169 28
41 96
28 105
148 125
84 55
98 19
149 2
156 7
152 2
88 159
54 5
59 172
27 84
165 53
205 123
50 22
90 82
27 63
151 27
19 84
111 1
117 13
143 44
74 148
140 46
47 64
170 31
39 16
31 62
32 106
203 90
0 59
116 123
125 47
139 18
129 31
27 77
63 126
7 22
108 31
170 10
11 61
182 156
47 46
143 152
38 53
162 34
60 56
43 206
140 11
22 188
201 22
165 78
49 6
85 120
22 13
49 75
71 53
86 22
42 55
42 103
78 27
65 193
43 79
43 77
51 49
34 197
33 194
30 7
25 174
18 99
40 36
207 5
50 121
98 42
27 98
39 128
29 104
98 170
74 22
123 182
117 2
138 22
20 84
49 53
58 22
60 2
70 174
49 44
20 185
50 44
42 112
11 3
27 153
47 131
16 124
30 53
90 22
24 174
143 87
24 26
92 153
91 82
116 2
9 55
21 60
21 51
135 22
120 21
68 29
49 58
208 62
18 170
153 87
152 142
77 138
7 100
42 176
2 66
66 29
27 20
21 98
171 92
8 170
22 139
102 22
125 61
11 128
175 169
64 34
181 20
120 5
43 128
90 30
49 46
140 102
47 41
59 78
43 92
183 144
105 68
98 144
63 13
109 22
144 29
47 182
181 116
137 6
169 22
21 54
22 42
28 176
78 34
39 54
175 68
27 209
10 16
102 162
0 117
68 62
39 92
12 45
107 103
94 174
73 1
53 71
129 53
43 98
24 53
22 181
22 35
113 122
106 3
120 12
98 22
81 19
131 4
118 38
27 139
152 28
108 7
47 161
5 195
210 95
74 19
81 133
13 9
36 64
19 99
126 46
47 75
15 122
42 53
55 195
147 64
41 122
8 137
155 8
83 91
62 201
42 121
47 92
106 29
44 2
133 53
70 133
84 92
49 197
52 155
29 176
98 211
2 176
125 119
91 122
21 53
124 1
70 194
189 48
68 133
38 97
0 50
104 28
26 23
111 75
170 11
27 75
11 2
49 35
78 174
24 78
109 7
50 11
161 34
97 139
132 123
181 22
176 72
58 182
0 145
68 42
21 6
145 57
30 99
27 44
1 110
212 133
49 63
20 19
63 45
47 96
56 173
75 159
78 63
62 53
33 77
62 41
39 61
52 56
38 64
109 166
12 100
82 91
42 145
17 2
78 98
79 108
75 176
140 176
72 61
133 82
25 184
27 31
24 41
69 182
0 57
0 212
176 99
45 22
27 59
70 91
43 165
111 144
157 25
49 211
26 138
104 155
98 0
47 91
181 13
9 60
63 16
139 97
205 186
61 53
49 18
47 102
72 8
59 57
47 44
75 106
213 2
91 188
62 31
124 98
33 119
132 84
0 107
214 36
22 215
1 32
22 128
22 18
9 62
205 182
182 4
10 155
143 58
9 92
118 70
127 176
113 159
21 55
111 22
74 125
81 105
77 140
58 123
42 38
54 26
104 19
59 138
17 84
139 155
95 145
214 210
23 203
172 118
133 76
2 9
119 125
176 155
59 99
49 96
117 122
98 8
70 44
27 151
106 6
44 66
91 120
49 138
99 152
22 131
187 87
97 1
181 44
99 2
72 74
64 98
50 68
9 144
76 91
203 99
207 2
55 186
27 125
84 12
1 74
21 61
11 99
38 182
27 95
68 82
144 193
70 27
68 43
47 150
97 57
205 78
26 29
143 104
1 147
187 186
104 57
204 13
139 107
71 81
192 22
10 61
125 79
49 171
145 167
48 82
82 194
68 181
49 20
4 182
0 5
9 91
0 174
41 166
27 34
0 113
22 161
152 84
111 182
163 24
45 7
25 118
59 119
20 6
9 183
172 25
80 81
115 98
33 28
170 108
97 38
169 16
68 81
31 2
121 50
205 41
34 4
59 53
39 171
27 115
20 55
44 99
192 25
118 30
147 74
104 53
132 99
98 89
182 38
139 62
121 9
80 55
106 213
22 216
99 22
133 49
104 98
70 22
202 23
77 10
13 84
24 4
68 53
61 2
114 168
24 43
39 87
49 81
77 55
27 66
4 96
43 19
22 141
33 45
45 33
50 29
27 106
125 98
193 200
22 99
80 5
40 145
79 147
95 167
62 28
151 130
47 111
63 27
152 211
0 95
144 188
45 74
70 90
111 196
45 75
1 47
45 95
31 3
47 2
205 122
61 155
42 26
149 3
172 59
41 75
68 166
85 35
84 185
0 26
64 182
161 22
117 15
58 53
161 204
21 68
22 30
70 81
21 149
33 57
89 125
125 147
208 75
40 141
27 64
152 20
61 7
22 32
47 18
139 60
72 31
68 201
6 9
8 139
21 137
168 57
16 6
99 176
84 100
31 137
176 105
169 6
207 53
22 67
129 11
52 170
99 53
60 137
139 170
181 5
121 98
6 84
27 58
217 94
138 16
152 107
60 62
74 15
109 125
165 15
7 99
55 166
4 102
0 64
39 74
43 49
72 67
106 21
22 127
16 44
172 42
43 26
84 13
120 2
42 41
7 52
22 102
59 27
216 22
22 71
82 90
141 92
121 105
24 102
95 53
133 99
141 124
120 85
109 53
0 172
118 25
72 170
88 40
27 114
0 8
21 99
78 5
155 9
26 41
27 26
46 34
31 67
18 53
113 52
0 175
31 21
70 199
22 137
49 28
114 10
22 77
25 172
214 17
94 80
4 97
65 98
75 191
170 146
56 183
70 99
81 53
12 84
181 57
176 98
56 144
149 62
42 78
187 53
0 123
82 211
188 9
117 38
27 91
61 108
7 92
49 22
2 28
6 60
6 106
80 186
102 195
203 29
139 191
116 66
49 2
140 66
4 121
29 44
43 116
78 85
170 33
76 6
114 43
1 170
76 57
5 69
22 52
0 52
118 172
181 92
106 92
187 125
8 74
5 84
155 147
49 12
24 63
74 53
47 56
99 13
0 58
21 201
141 7
139 11
74 55
152 175
109 92
27 15
4 48
0 84
152 57
78 192
39 137
176 22
147 160
201 57
64 122
6 213
47 34
177 218
64 1
154 155
102 35
120 98
39 22
39 107
6 55
5 54
47 50
83 121
32 73
19 198
50 49
61 74
55 74
8 22
98 47
9 126
203 163
98 103
0 186
140 213
36 57
49 19
6 33
188 91
209 159
104 211
133 95
41 193
24 54
49 10
181 53
63 94
39 13
138 43
40 98
69 98
170 61
144 183
83 144
104 194
66 55
47 4
124 89
27 50
1 106
27 56
30 138
78 68
59 42
100 33
152 46
31 97
22 48
49 84
64 125
31 127
169 193
47 153
90 116
45 106
49 76
8 61
146 11
43 162
30 185
94 217
10 31
182 36
42 131
135 90
203 54
116 16
205 98
165 95
22 194
155 154
179 24
18 61
178 105
163 202
123 116
191 15
47 98
176 137
47 195
27 38
27 137
68 78
76 98
12 131
41 87
68 79
143 49
161 87
33 41
181 48
69 22
1 108
47 124
125 2
22 69
64 47
83 188
54 57
31 129
55 144
152 92
197 4
33 176
114 128
6 56
98 13
21 28
129 75
74 109
47 147
183 166
206 43
42 165
11 67
155 12
1 144
138 116
117 57
68 33
12 80
207 116
0 98
12 4
189 55
121 57
46 56
13 75
68 3
143 107
143 123
165 99
67 74
27 108
114 119
116 29
12 87
125 74
21 46
28 169
28 11
151 2
36 154
62 52
69 2
79 68
31 107
208 101
66 50
190 125
120 195
140 68
45 171
132 30
6 156
176 133
0 34
130 73
98 92
120 92
8 67
68 175
104 84
98 203
214 103
22 219
2 53
97 191
63 81
33 8
66 53
22 37
27 160
33 68
0 82
76 121
55 13
117 215
55 21
24 25
55 131
89 149
98 168
111 47
168 113
42 22
22 34
181 55
78 41
79 72
30 66
169 185
22 45
31 46
107 170
31 33
59 70
188 183
158 178
47 101
176 16
27 85
117 0
82 128
45 71
28 9
205 34
0 78
132 42
42 115
12 103
70 16
177 9
2 62
181 182
128 92
98 152
33 133
127 95
8 176
2 49
25 94
43 87
42 168
204 71
31 182
43 153
215 47
120 41
42 118
145 45
125 56
143 116
27 164
68 104
50 90
47 128
63 78
39 17
57 125
170 92
41 2
27 117
64 29
44 7
82 5
47 6
22 25
140 125
76 99
31 60
21 59
127 12
114 38
114 99
63 43
92 128
11 79
6 44
148 109
12 41
117 5
139 137
41 5
98 2
96 122
84 58
111 128
170 27
27 36
31 170
100 97
2 29
114 31
27 33
22 124
60 170
6 99
46 106
0 44
21 75
114 44
49 86
97 100
55 67
201 129
151 3
114 30
170 176
198 5
70 46
220 94
27 113
64 88
9 188
47 7
124 77
77 20
138 207
39 53
116 90
5 91
145 38
114 58
42 123
161 140
129 62
152 169
78 47
107 15
22 21
98 27
50 116
133 0
78 133
18 7
61 107
163 179
43 138
108 61
27 68
0 36
13 117
178 158
47 194
64 173
21 150
187 19
41 62
42 186
114 41
173 56
47 66
118 42
21 7
41 195
132 92
6 149
170 129
148 68
139 87
61 75
27 219
137 29
0 94
170 22
91 162
36 153
47 17
164 16
70 92
0 41
6 201
203 179
49 29
6 0
49 105
49 4
22 75
109 108
36 116
68 27
64 150
78 26
67 31
98 39
70 74
109 19
72 108
31 191
94 5
48 194
148 147
27 129
113 57
44 159
43 84
95 22
21 110
161 209
114 90
114 137
107 106
64 49
64 4
70 48
84 102
72 75
13 12
138 54
201 53
22 106
17 207
47 22
27 11
84 16
204 16
64 144
187 57
27 161
27 13
72 92
30 207
49 92
79 55
75 13
43 82
25 42
94 25
41 84
49 5
170 7
176 28
54 92
39 168
155 149
113 92
125 43
66 49
39 7
99 19
10 41
16 2
139 52
36 21
51 8
164 60
89 111
55 126
126 64
201 125
22 43
123 66
132 64
27 165
1 125
64 174
59 174
2 22
84 152
149 154
182 214
22 60
123 44
120 144
21 80
161 53
189 38
62 47
27 19
189 182
63 24
94 195
27 102
162 4
76 30
183 173
42 86
57 116
74 166
42 25
183 56
206 82
42 116
62 140
205 175
27 52
132 114
98 218
176 7
77 139
76 42
21 106
60 176
47 199
104 68
42 61
172 82
182 22
132 50
32 53
8 107
31 109
103 42
6 174
46 53
27 40
188 153
90 136
51 155
169 33
64 57
43 59
43 53
148 79
2 6
22 54
99 57
80 3
68 19
18 108
65 3
56 52
45 3
73 2
47 121
59 114
168 36
49 182
31 74
204 56
11 72
16 207
191 75
64 55
27 54
20 99
39 125
55 194
132 87
27 16
19 81
27 92
207 22
43 125
141 77
36 39
117 92
66 2
160 61
23 163
30 44
64 134
82 122
27 74
45 10
59 24
95 137
42 97
19 74
8 72
21 156
21 62
184 25
26 202
52 7
0 22
41 128
165 4
57 147
189 112
22 145
205 35
104 99
33 30
145 100
41 22
199 18
85 122
68 171
1 129
111 159
189 54
219 135
88 177
93 127
89 177
27 60
94 177
13 133
221 113
209 101
2 60
109 147
74 7
69 96
69 124
36 160
149 29
152 3
70 55
147 54
10 72
152 68
5 207
110 36
62 176
29 41
42 58
89 103
100 84
193 122
177 83
55 99
0 160
165 42
50 19
2 8
44 116
25 218
214 182
64 110
76 29
89 156
55 22
22 148
22 119
64 188
47 62
17 77
43 222
176 9
176 106
4 131
107 176
181 30
30 20
68 28
165 101
30 55
16 84
47 174
22 159
0 125
2 72
144 173
17 16
91 177
27 72
43 24
27 29
27 6
50 7
70 76
0 42
120 87
22 218
2 75
54 39
41 69
64 54
67 55
68 74
183 188
0 62
72 11
77 92
42 48
59 43
77 33
59 58
159 92
94 22
126 140
165 194
1 137
114 45
16 66
78 22
215 15
10 77
27 94
27 118
182 88
22 126
199 176
203 26
98 120
19 114
161 48
126 161
121 142
49 122
191 161
84 19
47 73
55 34
22 151
47 99
148 57
41 60
2 107
62 137
4 34
152 128
88 124
63 167
177 36
8 10
62 33
94 85
195 41
62 100
50 123
21 94
99 20
55 3
21 121
77 16
143 121
79 31
98 116
32 144
66 44
99 33
30 2
27 124
41 78
98 49
140 126
62 107
78 122
111 65
91 186
163 203
61 92
80 41
18 199
143 84
53 54
42 158
49 152
114 25
20 126
140 62
9 155
41 26
113 108
67 79
120 122
70 98
143 128
84 171
78 186
187 12
182 91
22 197
123 4
28 2
47 212
74 67
24 116
207 50
78 91
49 65
71 6
42 19
24 55
63 55
17 92
42 84
141 22
116 44
31 1
22 15
111 21
27 4
203 92
114 123
8 75
16 164
118 181
6 61
203 24
89 143
44 123
28 166
24 162
27 150
47 222
47 52
9 2
27 112
9 64
47 107
30 123
18 95
114 39
27 99
43 34
99 30
0 27
49 155
17 164
55 60
213 62
147 22
30 29
165 122
182 134
27 197
98 61
159 14
27 128
54 49
36 214
171 82
165 45
132 162
1 72
22 201
132 43
22 41
91 16
78 42
47 24
27 103
143 57
94 41
207 47
59 61
24 202
41 77
47 1
141 27
16 176
139 56
132 49
49 7
33 2
129 18
114 74
161 96
8 59
114 27
44 121
90 207
39 2
90 115
31 7
25 114
10 60
114 92
42 189
41 16
43 212
101 159
139 75
42 162
39 116
118 46
26 19
213 140
214 96
155 37
70 19
1 116
187 171
12 82
93 29
63 99
27 86
198 122
6 92
121 28
63 118
205 48
49 144
92 61
42 207
104 30
63 182
181 207
220 8
144 56
118 53
64 5
27 213
95 38
60 16
207 162
63 56
27 35
5 35
47 36
18 9
47 45
10 49
189 7
22 165
179 202
70 7
70 116
214 22
27 81
7 155
190 43
218 22
117 108
95 18
98 12
13 63
27 69
94 21
24 42
98 20
148 67
44 207
47 139
147 7
126 186
49 121
43 192
47 81
44 107
67 147
140 84
41 29
98 68
49 68
189 19
33 104
132 22
141 28
140 41
55 109
118 50
153 92
147 67
22 153
181 50
40 96
70 29
44 11
30 105
140 22
104 49
50 160
95 16
67 109
143 91
176 6
47 158
59 21
39 155
133 105
64 193
29 9
42 70
49 167
80 92
172 192
138 76
98 91
111 88
98 201
24 5
47 25
50 54
183 186
108 67
83 9
141 170
62 60
98 21
30 98
27 18
64 91
59 82
133 22
78 121
78 102
85 41
42 76
170 62
201 36
204 69
43 141
129 6
40 88
47 162
28 104
67 22
4 123
98 70
61 8
43 41
77 41
27 159
42 28
1 97
26 92
182 57
135 76
13 8
147 109
98 69
0 201
64 183
197 207
69 160
11 140
27 174
17 116
42 90
80 94
39 8
30 84
90 76
114 145
21 18
2 33
2 92
49 98
33 107
62 68
62 213
29 22
133 176
111 41
85 78
99 44
120 22
6 63
21 129
42 212
170 2
40 29
111 28
66 121
18 129
44 30
98 99
201 62
22 208
27 126
55 9
42 206
43 147
64 13
25 43
207 57
149 36
22 180
159 101
53 57
7 21
176 47
36 1
179 203
39 216
20 33
191 53
125 52
64 42
62 45
29 42
133 140
149 21
159 193
111 152
40 27
22 187
183 9
171 83
149 11
28 49
107 2
43 27
148 92
9 173
70 84
24 92
64 3
74 182
36 17
73 32
61 128
6 170
68 22
12 199
68 84
0 24
78 29
114 113
64 153
204 161
88 111
22 16
49 61
160 7
76 123
74 49
20 68
8 7
125 57
31 194
172 78
43 194
91 76
81 68
22 209
139 7
169 182
138 65
74 147
116 17
24 123
118 44
107 155
42 27
47 11
221 1
139 150
165 41
47 61
27 176
84 6
42 182
2 155
98 53
169 176
49 66
47 28
64 166
37 36
125 155
137 106
64 199
24 57
113 221
140 159
90 158
54 53
187 64
187 54
41 92
30 60
159 75
47 51
154 150
49 133
63 18
89 88
62 21
33 12
191 97
137 2
0 121
123 48
107 61
39 97
149 8
98 7
199 38
64 43
124 44
68 6
220 80
140 28
70 25
22 2
104 7
68 140
165 216
42 114
57 97
64 53
22 79
68 148
2 16
79 61
42 47
207 137
41 85
55 92
204 75
142 2
74 72
109 55
49 45
169 175
55 5
42 2
42 35
6 28
4 98
182 6
27 172
98 16
132 54
68 50
26 163
57 64
7 176
22 162
117 46
64 149
51 56
10 28
82 4
49 134
53 6
89 51
149 75
138 53
23 202
98 11
25 192
2 106
44 16
51 126
143 92
143 33
24 94
68 105
30 33
20 194
155 150
111 30
79 67
36 111
22 61
74 11
91 121
108 129
145 210
62 9
42 133
82 121
103 107
27 216
28 152
143 4
176 75
29 66
2 213
47 125
82 111
47 13
27 7
114 15
140 122
0 88
7 67
22 8
43 63
118 66
42 96
40 125
30 18
143 223
98 88
6 22
170 6
12 49
224 91
199 106
111 53
31 56
176 92
53 46
204 46
42 87
61 11
79 74
216 38
83 177
111 158
66 99
47 77
168 33
27 0
181 176
82 171
107 16
31 75
27 17
147 141
170 53
22 185
36 150
79 11
152 33
42 34
26 176
8 155
22 199
33 84
27 87
88 36
31 72
0 127
55 20
1 2
147 1
109 67
176 2
209 161
117 182
10 170
111 137
49 56
47 207
28 42
125 92
22 74
152 122
77 124
75 61
205 185
78 25
197 49
22 11
209 15
168 42
147 57
22 92
0 16
199 2
66 20
161 18
24 23
114 50
57 98
194 180
176 107
1 31
170 60
43 20
173 183
118 34
55 41
184 92
43 54
47 155
31 48
111 98
43 33
51 150
22 95
34 102
81 46
199 86
152 87
9 13
108 1
108 18
19 54
43 74
69 195
0 53
25 159
78 205
8 52
117 166
24 103
43 182
165 22
170 8
141 102
111 122
55 19
2 137
145 114
126 55
2 128
42 44
177 173
41 161
168 149
176 55
70 49
182 197
121 183
22 109
62 22
140 53
103 12
109 79
11 44
30 49
76 20
52 8
43 25
149 182
161 15
114 19
89 17
33 100
33 62
125 109
129 99
4 162
109 3
22 204
123 76
18 149
22 200
57 121
11 129
44 6
165 131
117 96
22 86
66 30
24 91
114 2
22 87
95 159
31 106
177 91
201 21
64 26
173 9
79 109
214 57
104 61
140 20
19 98
0 21
44 53
87 153
49 137
51 149
41 144
61 160
120 103
117 31
13 53
203 121
132 53
42 219
22 174
22 171
72 44
64 51
64 60
7 18
177 88
0 92
113 29
210 145
84 57
31 11
201 56
6 110
21 31
29 121
21 10
215 112
18 65
104 123
205 96
129 201
57 36
199 171
155 104
109 148
22 7
31 108
108 72
29 28
36 182
63 219
17 60
0 48
109 31
207 90
72 79
59 192
59 165
128 2
169 52
9 176
84 5
68 152
169 57
47 55
59 118
27 121
27 119
5 55
169 21
72 53
22 29
142 105
120 89
24 182
27 57
64 84
207 16
1 53
49 102
114 98
113 107
55 46
118 43
27 41
2 116
25 101
75 2
70 26
28 33
10 74
79 7
101 208
2 142
12 155
27 170
39 38
25 165
98 155
169 62
90 123
2 99
49 11
161 85
33 16
29 144
21 2
138 49
39 147
97 194
49 159
49 48
109 11
106 32
30 68
176 142
49 57
114 147
64 52
104 55
0 61
1 176
199 12
98 121
141 84
192 43
95 199
133 81
125 7
64 73
141 125
30 104
98 111
21 52
141 176
43 99
173 144
22 133
98 33
153 128
42 43
36 91
78 165
71 140
24 121
207 98
90 142
97 127
47 189
182 70
76 162
171 155
99 55
42 102
139 176
161 56
41 207
9 29
42 222
10 8
169 53
118 22
132 25
137 116
192 78
6 16
101 209
6 77
55 16
2 105
70 82
42 66
89 92
22 103
12 19
22 222
84 2
103 22
139 8
179 163
78 114
181 162
59 50
8 116
55 35
141 34
59 26
33 7
55 183
41 3
56 9
6 2
148 166
220 5
1 36
88 65
49 30
140 162
28 6
30 5
21 33
6 152
83 48
92 7
152 30
176 170
53 68
89 65
182 21
55 162
82 98
138 160
169 68
182 11
118 63
43 66
182 47
143 99
33 19
29 2
88 115
98 132
175 123
177 70
139 92
97 204
199 19
61 60
37 7
154 149
31 16
61 33
133 212
98 115
55 2
55 75
44 49
129 56
1 61
98 76
52 11
47 127
124 5
154 110
95 100
77 19
95 62
43 190
205 206
132 91
40 57
155 2
78 71
42 160
31 139
129 170
194 222
65 88
42 29
27 123
50 207
24 98
154 51
63 102
46 140
138 128
45 62
41 80
160 11
141 47
49 54
140 77
114 59
165 162
22 91
84 9
84 194
207 17
36 0
165 82
203 202
174 94
42 190
47 57
26 84
198 80
27 73
53 81
61 3
63 140
43 69
1 18
207 123
205 91
27 24
27 42
94 54
55 129
0 90
29 137
106 2
70 2
1 50
10 22
22 94
7 61
80 12
27 158
169 122
107 115
69 5
76 54
27 218
170 18
175 116
205 3
47 141
24 163
140 161
52 139
47 38
169 166
63 6
34 195
6 169
140 71
22 189
49 126
144 9
40 91
107 139
201 6
27 61
59 140
62 3
61 72
132 48
102 4
33 49
114 22
27 48
0 11
55 6
99 54
42 194
0 20
70 53
124 154
197 102
0 54
22 50
94 220
114 0
42 68
0 13
90 121
9 84
183 122
30 22
49 52
114 158
99 84
27 141
55 80
50 99
22 97
40 1
62 208
59 7
155 52
114 95
70 10
41 34
54 50
50 30
55 53
11 28
8 104
134 182
70 118
201 69
47 116
24 47
98 153
66 16
22 125
141 162
202 179
166 142
90 57
0 166
7 74
98 54
58 122
165 69
34 5
40 203
62 75
41 33
6 137
76 22
76 19
89 36
42 105
49 13
151 22
202 26
6 66
55 182
40 22
171 48
21 36
109 74
30 13
138 99
138 39
100 12
10 75
22 19
22 166
61 139
27 116
55 84
172 184
114 12
70 4
0 43
21 5
55 147
49 77
114 66
18 92
114 182
82 2
91 182
0 30
176 127
31 10
165 54
174 22
123 222
141 119
138 30
70 141
205 166
41 10
90 50
49 55
22 135
30 162
104 41
162 102
39 153
33 171
51 75
75 62
163 26
98 205
21 11
1 57
42 82
21 47
33 170
33 20
187 182
18 15
114 171
62 105
47 84
27 78
143 20
61 52
84 87
142 28
111 177
27 3
85 94
141 11
21 158
19 33
160 50
27 45
109 61
165 43
76 49
32 1
114 176
149 64
76 164
27 70
68 30
207 84
0 99
39 111
6 72
205 81
24 2
98 143
42 5
123 207
96 166
2 170
177 183
175 152
49 143
187 92
114 29
39 114
6 176
27 167
66 116
113 95
155 185
192 59
170 72
152 76
138 59
43 67
64 99
22 5
138 77
21 161
22 98
82 92
7 44
62 1
10 7
42 59
176 29
152 62
67 68
74 155
161 191
140 133
49 194
10 33
104 8
141 99
169 3
22 63
9 3
62 169
125 1
12 127
147 5
27 55
75 41
31 176
118 182
97 124
121 42
132 98
39 19
189 99
27 1
183 64
33 199
179 23
190 61
22 147
98 57
191 139
155 139
67 72
6 62
36 51
55 122
70 59
54 128
101 22
132 153
63 96
149 51
72 155
118 165
97 131
68 21
28 68
114 49
68 20
149 155
82 186
55 103
202 24
68 11
27 62
98 198
11 155
22 170
54 19
169 152
79 8
64 92
59 30
49 33
6 68
24 50
141 81
45 12
36 186
22 101
27 156
6 49
89 127
214 1
18 139
98 65
55 49
30 3
27 162
111 3
68 182
204 101
114 103
40 183
5 21
33 6
49 99
199 64
42 153
114 68
22 152
26 203
78 35
41 45
121 29
27 154
41 12
1 79
90 53
205 4
70 94
114 78
143 9
45 49
21 128
79 125
95 2
39 62
173 188
43 0
103 168
30 16
39 84
27 147
70 222
26 153
0 182
159 122
7 139
62 170
27 182
20 38
77 49
127 45
11 52
62 129
125 36
47 87
20 49
123 121
165 176
41 186
170 137
44 20
60 31
203 23
140 44
82 177
182 111
103 33
74 99
1 7
12 33
74 8
187 153
90 175
69 57
47 5
176 74
165 27
170 139
58 84
72 7
111 15
79 148
49 34
61 18
42 125
125 141
63 65
36 147
78 43
39 0
155 7
61 31
159 88
70 61
107 33
149 92
43 48
89 2
70 60
152 49
34 46
125 22
22 53
22 59
39 139
98 50
95 133
6 21
33 137
198 174
69 92
44 84
21 176
93 121
42 172
141 147
42 124
105 176
89 27
176 33
54 87
132 128
190 42
176 3
152 22
82 3
1 149
55 91
214 211
133 46
0 56
197 162
87 92
89 119
133 71
113 27
105 28
77 17
7 11
36 98
8 147
58 50
47 176
21 16
67 43
215 22
49 123
51 154
199 22
165 92
23 179
95 127
126 92
30 61
11 92
49 106
22 70
9 87
148 74
25 78
69 46
54 203
27 96
19 49
82 22
10 99
105 2
168 43
23 26
62 92
0 153
7 8
144 8
125 11
140 204
25 22
27 22
68 98
203 57
42 45
93 22
44 29
0 39
62 16
183 91
22 0
42 24
9 28
50 39
95 216
216 95
0 114
98 41
66 84
42 92
29 183
74 79
76 50
119 33
57 111
168 0
43 22
113 74
165 182
104 144
6 43
31 15
43 68
114 100
138 92
120 177
132 116
49 74
133 55
0 33
152 21
62 152
129 52
69 50
7 79
22 46
113 204
139 10
170 13
187 128
117 39
39 88
70 64
64 38
43 168
29 105
109 87
22 116
57 207
176 60
179 26
184 70
21 29
114 138
8 33
22 12
125 67
45 46
174 25
25 27
123 57
27 53
30 28
39 166
145 53
219 122
165 13
126 56
22 182
62 97
85 52
134 64
17 124
161 3
21 189
65 120
167 145
1 188
46 92
111 84
141 54
70 125
0 2
71 46
54 99
49 16
44 8
78 118
88 98
63 49
213 106
22 175
62 29
13 22
1 51
33 99
27 97
118 116
102 101
33 169
24 64
36 149
199 53
1 46
64 126
33 168
169 55
135 70
99 18
72 176
109 122
33 53
36 89
64 9
22 140
64 41
42 50
0 178
6 150
55 68
67 148
141 61
76 207
103 27
95 186
104 20
47 60
49 128
171 33
149 197
104 33
0 177
22 176
36 47
35 34
59 94
104 2
49 90
140 106
99 28
50 61
170 107
47 110
70 182
