225
0 1
2 3
4 5
6 7
8 9
7 10
4 11
12 13
14 15
16 17
10 18
19 3
20 21
22 23
24 25
26 27
28 29
30 31
32 33
34 35
36 37
38 39
40 41
42 43
44 42
36 45
45 46
41 47
48 49
50 8
51 52
53 18
30 54
41 55
16 56
26 2
57 58
0 59
49 60
61 33
62 63
35 23
64 65
66 67
68 69
70 71
72 65
73 2
56 66
41 74
56 75
24 76
77 78
79 80
61 59
6 81
19 82
34 83
22 84
85 86
41 87
88 53
89 48
90 91
92 93
56 9
89 49
3 43
23 52
51 66
18 29
28 94
4 95
96 97
47 84
78 30
18 21
7 98
20 33
78 99
100 76
64 12
51 94
101 5
4 102
93 91
103 84
16 104
105 106
96 32
31 13
38 107
108 34
78 19
4 109
78 110
21 56
111 112
41 9
107 23
38 9
74 113
114 84
54 115
94 5
84 74
27 59
116 93
117 118
24 59
119 25
31 52
69 117
120 52
32 56
53 121
24 1
102 90
36 122
23 123
78 59
112 124
125 13
18 126
127 95
128 78
107 56
129 59
26 12
130 131
92 1
2 38
12 23
84 132
130 133
35 71
23 84
20 71
33 84
134 107
84 54
31 6
135 77
16 123
112 18
136 23
36 137
71 56
138 55
53 7
100 38
139 117
140 40
7 18
125 7
87 30
56 123
141 100
10 8
142 134
143 82
144 91
23 55
145 41
100 40
105 113
36 95
112 131
10 13
71 18
136 7
119 87
142 9
74 29
142 36
17 40
38 95
36 53
40 84
72 146
122 52
78 147
36 28
86 38
81 138
10 104
31 43
148 13
33 149
56 91
147 93
130 150
97 7
97 151
94 66
152 31
41 84
66 52
6 123
67 153
16 29
105 154
112 155
31 3
33 156
29 38
61 54
31 1
23 121
111 119
34 7
157 132
56 46
62 79
6 29
24 106
158 159
4 70
160 110
152 24
154 71
81 6
14 110
138 33
10 28
100 35
7 71
64 19
56 5
152 3
8 123
33 100
159 21
142 13
103 2
111 73
19 129
38 161
32 95
130 59
16 46
134 5
64 3
26 129
162 158
37 28
38 18
163 164
119 59
120 9
112 164
84 115
97 18
92 6
12 138
119 3
65 31
112 129
149 54
20 9
141 164
97 22
61 13
23 46
59 2
30 40
141 91
59 138
78 91
12 59
81 2
126 28
106 53
25 42
41 36
165 66
12 26
5 107
32 66
105 74
160 129
64 166
111 81
30 74
77 129
121 23
101 100
21 46
167 52
78 31
27 166
168 75
4 8
106 43
78 87
61 91
78 82
32 94
78 153
130 78
32 164
152 87
30 87
160 130
78 72
4 38
116 114
37 75
66 112
169 3
138 127
165 81
159 140
168 110
2 82
170 49
129 81
24 78
145 171
77 72
158 3
64 43
150 7
94 98
61 172
33 13
100 153
171 31
74 105
173 24
36 47
67 150
96 46
88 18
38 174
125 52
130 106
90 175
94 174
18 8
111 30
77 128
70 176
112 100
5 28
96 71
12 33
113 163
36 66
74 23
118 90
160 49
112 33
177 30
109 120
112 67
72 142
116 178
45 47
96 7
159 4
90 109
35 37
179 121
96 66
112 19
171 73
174 35
10 66
152 25
33 7
102 3
72 81
152 142
72 84
26 67
102 175
23 122
179 132
74 35
18 53
25 110
180 124
78 142
141 153
178 6
130 110
18 154
113 84
181 84
178 171
182 183
111 152
20 23
184 85
93 129
184 98
159 3
107 34
65 43
59 1
96 121
78 166
31 99
94 55
4 96
140 74
24 103
7 5
141 185
65 26
83 186
0 25
23 74
168 38
187 45
148 7
76 7
52 53
179 35
31 65
80 90
54 188
31 106
1 27
70 120
33 18
23 20
152 72
121 9
163 7
31 24
183 147
4 52
106 153
100 66
12 175
36 120
24 189
8 7
134 16
162 42
93 92
82 73
141 28
23 108
52 121
100 29
31 142
128 81
144 71
145 3
109 144
66 71
77 190
36 153
186 191
53 5
92 178
61 55
92 160
23 107
78 7
26 119
36 94
64 72
28 55
8 192
22 96
134 23
159 150
170 92
70 46
193 4
33 174
59 119
36 194
77 42
183 160
33 71
195 138
179 13
52 7
59 171
96 14
31 196
171 108
101 80
96 94
31 81
87 1
32 18
197 84
43 171
110 87
35 95
84 6
198 132
87 38
111 135
181 110
46 23
66 113
50 9
92 106
41 66
23 120
159 101
53 17
100 17
18 71
96 16
148 35
116 182
38 13
84 106
103 3
167 13
139 95
179 66
18 20
70 144
12 24
70 66
71 8
170 60
36 59
56 107
18 174
178 105
3 147
7 55
64 158
36 52
71 13
46 98
84 138
18 50
96 56
157 11
23 154
94 52
84 7
67 164
4 23
114 160
157 102
8 16
44 91
43 25
6 9
112 29
61 41
64 27
81 91
171 3
3 119
36 191
86 84
33 52
58 57
47 145
182 147
152 78
71 5
127 115
10 150
59 92
12 31
199 124
4 132
184 186
36 2
50 10
114 92
164 55
26 77
177 129
23 35
110 1
34 28
19 77
66 29
179 175
7 17
61 17
57 200
101 38
35 7
56 121
168 175
72 78
78 1
106 42
142 191
52 66
141 124
131 113
94 70
87 25
101 9
159 102
168 174
42 130
74 100
120 53
7 50
41 187
72 24
66 94
74 132
140 41
26 6
143 98
141 126
168 28
67 38
152 106
36 142
61 186
37 18
56 7
86 45
87 43
16 10
178 59
183 3
116 49
16 75
12 54
28 10
52 120
145 84
78 33
78 77
163 23
125 16
170 114
112 122
78 190
159 138
201 30
110 59
198 195
59 176
36 163
36 91
97 174
87 196
14 54
118 117
38 16
128 6
14 149
23 33
77 19
159 190
179 120
26 42
137 23
4 179
44 171
4 35
152 19
159 133
24 171
32 20
202 111
150 29
38 176
139 25
12 65
34 84
145 85
70 7
159 132
159 81
106 93
170 182
5 120
32 121
25 84
112 38
32 35
203 136
59 180
34 154
18 56
65 135
98 18
22 33
203 158
8 141
82 38
120 164
164 29
131 27
22 110
4 154
193 102
6 84
65 81
112 180
19 42
31 7
93 197
40 16
141 98
128 82
24 92
1 129
66 58
160 38
40 138
145 59
182 48
97 53
21 107
92 3
51 122
154 105
94 7
182 160
22 35
98 106
78 84
54 1
42 6
115 59
18 38
108 153
52 9
30 84
24 12
129 110
5 13
201 67
107 8
174 137
77 147
119 42
142 115
170 48
26 49
141 9
112 16
61 132
179 100
41 149
1 59
33 5
22 10
66 9
10 50
121 75
36 73
24 142
46 38
112 42
77 13
10 71
127 204
166 59
161 9
130 152
109 172
7 35
66 18
148 95
72 190
151 33
171 84
132 11
26 3
136 13
96 17
139 1
165 84
23 21
192 71
181 159
28 16
170 93
16 174
36 100
113 21
31 25
128 166
160 48
38 123
30 110
109 18
111 72
56 96
31 35
24 3
87 180
96 9
22 9
64 99
203 132
139 118
23 174
111 3
33 34
5 18
72 43
97 23
4 69
141 106
37 13
130 24
10 53
168 10
4 168
174 53
36 109
21 137
136 90
28 123
205 69
67 28
134 113
17 53
139 109
160 30
144 120
112 172
14 5
83 7
141 148
24 6
59 196
8 53
56 83
16 96
31 26
112 206
4 18
20 32
136 11
77 87
70 95
5 10
183 89
184 41
7 94
159 74
2 59
56 120
66 120
8 5
77 43
42 138
89 92
111 130
144 13
84 30
168 35
163 113
78 6
72 128
56 82
24 128
163 40
5 71
10 174
5 56
137 174
138 84
107 91
152 189
65 12
84 40
115 54
82 13
50 55
89 30
41 98
68 167
184 47
67 84
207 133
53 174
130 129
41 59
41 174
24 111
174 23
179 157
5 125
22 18
128 196
30 66
87 6
147 92
41 31
130 25
62 159
179 102
77 1
50 100
31 180
72 59
1 119
168 29
179 11
23 7
163 36
10 5
94 38
141 38
38 29
163 146
26 65
84 28
65 111
64 174
170 183
168 37
64 82
141 83
87 138
21 9
28 104
144 123
147 130
139 208
33 121
33 23
3 174
87 59
16 122
65 152
50 98
186 98
65 130
72 135
159 37
196 27
193 117
198 30
148 209
101 117
81 183
34 210
202 12
43 59
130 111
111 25
145 2
174 5
3 138
23 18
37 100
154 23
34 107
112 3
141 7
71 9
182 89
112 84
77 196
12 87
102 118
80 101
27 131
98 7
52 164
107 122
61 115
20 96
5 37
80 70
195 91
14 59
66 28
45 84
179 203
128 77
42 13
157 203
160 93
84 59
36 106
85 84
164 37
71 95
198 83
180 2
170 89
121 28
10 164
174 16
145 86
54 174
38 153
28 164
84 43
148 174
111 43
145 184
130 43
37 9
0 142
110 150
200 57
135 131
120 98
41 2
66 16
48 92
111 78
94 71
81 25
160 84
83 21
83 76
16 13
211 212
125 55
141 13
86 35
28 39
7 112
59 150
87 84
21 23
130 189
5 53
106 142
45 86
159 115
80 13
136 102
81 130
164 66
144 70
4 118
70 23
179 7
36 69
76 66
64 2
18 5
86 34
77 59
174 149
100 71
31 59
101 106
18 137
31 98
174 121
180 146
84 136
19 87
152 124
130 3
0 106
4 123
125 100
65 3
25 87
164 9
96 5
36 123
74 154
16 39
26 91
38 7
127 138
33 172
195 55
128 99
179 136
159 31
28 71
213 35
155 159
5 123
162 12
162 35
112 123
195 158
25 129
72 26
122 66
139 3
72 198
100 185
144 29
202 43
28 66
36 57
114 183
101 71
22 75
160 147
22 149
12 3
103 164
38 23
16 164
187 86
80 192
65 77
28 126
18 33
26 135
74 9
12 55
14 96
112 21
130 35
70 175
77 31
19 196
0 150
135 111
41 115
81 147
102 132
10 96
0 93
86 145
107 5
136 132
163 5
113 100
35 174
160 81
37 7
0 81
117 139
101 98
65 27
35 13
159 155
135 72
107 154
190 87
92 183
67 91
23 16
72 106
59 129
198 84
38 2
10 100
93 147
36 20
54 33
7 84
97 35
92 150
114 182
59 166
135 65
72 6
66 55
94 23
160 6
128 43
70 185
18 75
3 59
113 38
214 137
80 159
100 91
121 174
12 171
56 100
76 82
138 140
50 5
121 120
159 147
174 18
74 16
112 99
81 31
31 46
171 29
215 93
97 15
32 5
18 121
111 166
128 24
71 10
36 172
134 18
114 170
113 20
128 59
58 200
42 110
24 110
21 18
106 59
36 18
131 40
48 147
207 155
65 2
78 26
12 216
43 110
28 150
61 1
44 2
141 23
111 65
157 90
43 3
132 203
183 114
17 5
10 16
3 1
66 53
106 209
71 38
131 84
42 25
59 30
82 17
160 182
7 121
27 98
77 3
74 125
107 33
16 23
116 147
53 50
147 48
18 98
152 81
87 27
112 28
112 110
78 65
105 3
41 7
22 98
46 107
22 121
87 190
33 91
52 23
25 49
66 40
20 52
140 55
50 82
100 52
62 191
24 81
217 117
108 82
111 6
184 164
141 5
7 96
22 107
102 69
143 141
17 8
64 91
6 95
27 153
66 56
112 37
12 91
193 139
81 142
56 32
57 218
167 67
112 138
92 129
36 43
114 30
12 131
41 100
93 130
81 105
105 171
92 114
42 119
132 179
146 31
121 13
7 100
70 91
38 91
163 66
132 136
30 6
174 84
93 81
140 216
74 138
199 168
102 38
36 23
170 106
142 95
159 219
160 73
112 126
90 102
121 17
78 131
53 88
198 55
154 21
51 58
149 7
131 99
100 5
130 99
85 47
107 2
174 2
100 39
97 33
44 3
96 10
136 95
49 106
111 37
118 132
140 138
36 7
111 131
7 150
5 55
90 157
18 35
69 139
145 45
78 152
181 13
160 3
210 198
149 174
36 198
162 98
12 2
45 38
24 19
33 158
138 204
139 93
0 129
128 27
125 18
216 74
77 25
94 144
183 182
109 192
42 40
32 13
201 110
48 160
94 121
101 123
112 31
5 20
161 38
67 167
184 38
30 204
103 1
141 76
26 72
120 7
22 123
78 2
184 124
5 174
128 1
62 194
90 136
10 82
139 69
112 58
12 6
154 31
190 25
129 87
126 13
132 102
110 2
152 1
112 91
115 204
6 13
67 9
71 35
163 21
36 39
92 42
54 30
156 33
20 13
0 30
18 10
165 179
120 121
160 87
43 129
61 199
141 174
70 38
21 154
3 92
59 3
18 84
56 36
134 112
31 66
31 55
152 129
4 157
179 84
18 55
143 209
82 50
105 84
77 30
133 189
48 170
98 36
46 66
10 9
133 183
141 8
16 8
136 157
128 31
36 50
120 55
23 71
17 98
50 123
32 17
128 87
54 25
46 71
128 35
218 58
71 21
184 29
83 185
180 111
18 100
26 111
174 112
20 120
15 33
81 84
160 59
46 120
160 25
151 156
89 170
152 30
36 150
41 142
12 152
98 150
59 84
34 71
128 110
64 150
38 172
118 177
92 81
61 84
43 91
100 123
4 117
113 18
41 197
111 106
49 95
27 38
92 84
31 30
92 59
193 69
67 174
78 112
87 129
141 107
41 106
77 110
139 87
6 98
160 89
139 59
168 13
47 184
82 2
37 123
65 128
36 82
20 16
130 31
121 53
98 55
94 109
61 67
86 85
36 4
89 160
168 123
4 164
168 23
182 93
127 191
71 32
90 220
41 86
2 107
130 38
121 94
33 82
0 3
141 66
114 93
72 186
149 33
31 152
71 52
140 92
28 8
168 7
100 18
101 150
173 27
141 46
101 79
152 26
85 184
168 54
184 145
112 134
111 202
59 178
190 3
31 21
128 2
52 94
77 135
165 157
112 27
139 157
159 54
26 31
70 4
168 121
30 59
19 124
71 192
59 115
110 174
112 207
30 150
128 84
112 50
56 21
21 52
74 40
32 10
78 27
97 13
111 59
112 120
56 55
67 7
61 21
4 144
192 109
44 153
130 93
136 179
4 13
129 30
81 42
65 162
163 143
6 52
34 13
182 49
164 100
131 81
59 87
47 86
1 25
15 22
50 29
111 110
4 100
36 192
17 10
184 23
159 6
37 55
102 179
111 67
216 96
27 82
20 123
38 82
41 127
90 117
159 90
166 25
5 137
145 46
138 40
153 38
90 221
0 87
168 16
102 136
97 137
72 147
8 18
98 121
72 77
179 52
100 36
158 7
216 98
34 164
202 81
180 27
78 12
81 198
114 147
38 46
24 152
111 128
1 87
31 166
134 21
24 91
66 51
16 52
134 96
61 100
131 111
142 41
113 7
64 1
131 65
90 52
50 33
42 3
105 40
20 174
94 123
18 195
96 50
78 106
111 189
139 70
201 129
140 31
144 192
41 140
207 38
7 38
120 23
36 154
94 107
61 6
96 20
4 122
36 5
180 95
78 150
32 9
26 131
23 76
146 163
30 115
70 109
65 19
92 91
130 81
159 42
40 198
31 84
72 73
173 77
110 98
140 84
86 184
45 184
140 127
77 26
50 66
92 52
41 43
36 35
25 43
174 37
107 94
59 190
32 71
178 91
25 190
168 33
115 84
70 172
16 5
190 81
181 35
21 55
87 81
101 36
161 174
78 111
207 112
16 28
120 29
100 21
145 138
20 56
145 12
50 2
90 69
74 59
131 135
18 88
77 171
152 131
23 13
78 38
163 8
61 204
159 79
71 154
103 6
121 18
112 121
112 35
107 55
112 185
115 30
182 60
7 126
66 100
21 100
96 18
45 34
61 95
165 33
112 186
134 7
98 29
112 7
24 84
16 38
5 74
53 10
16 125
161 98
179 126
20 37
200 58
18 17
16 9
48 25
71 16
181 37
101 35
144 82
46 33
4 139
81 59
5 21
14 98
196 124
70 113
97 95
59 195
76 209
138 54
111 82
31 9
65 131
111 77
52 67
23 9
36 46
51 200
192 144
41 13
25 1
12 42
31 38
93 3
77 130
61 122
178 106
128 106
159 181
36 81
36 188
31 72
73 82
26 59
5 94
94 56
84 105
134 38
84 197
45 187
80 79
69 102
134 13
10 40
111 129
28 7
168 9
100 95
2 110
163 91
31 87
130 174
51 218
33 22
61 12
112 133
78 128
168 66
41 204
18 7
87 124
41 54
52 13
78 42
34 38
166 27
130 19
121 7
218 57
41 40
100 7
64 131
152 59
182 114
12 117
192 70
34 134
65 91
159 65
171 2
33 107
4 71
71 20
116 183
94 192
163 18
81 48
182 17
18 13
46 40
198 66
179 153
12 38
74 25
29 9
141 2
16 33
134 84
112 52
107 21
80 172
26 87
121 10
5 100
92 31
131 74
151 14
145 43
46 141
130 135
84 198
71 109
4 192
12 105
54 84
91 73
16 66
16 55
173 72
111 87
139 71
5 82
22 174
12 52
111 24
31 122
23 34
50 150
59 105
22 13
201 25
37 35
89 114
106 171
16 94
138 174
119 110
24 2
124 146
112 76
41 42
59 25
186 81
127 197
203 179
130 178
111 91
183 130
78 13
112 174
147 49
18 123
168 186
32 8
7 28
215 59
3 171
132 157
41 138
134 154
4 91
3 87
22 7
34 150
107 46
86 187
128 44
87 91
65 171
138 41
8 75
38 120
139 192
179 74
3 93
5 9
87 82
141 73
66 200
31 128
4 36
5 50
20 7
78 129
6 153
111 1
16 74
129 25
34 18
81 210
128 142
160 92
36 84
178 65
31 135
5 163
108 164
7 16
98 84
152 128
70 34
26 171
163 97
84 204
135 26
139 4
61 154
121 150
38 121
61 72
8 17
111 2
18 40
90 203
41 91
0 147
152 65
16 21
141 123
141 95
167 100
170 130
193 38
41 164
8 40
27 36
96 8
4 107
92 130
141 37
49 92
128 131
168 50
36 13
12 44
4 176
67 29
162 75
163 9
69 4
53 120
41 110
61 82
77 65
38 66
111 84
81 186
51 57
22 46
56 13
22 137
150 55
90 192
159 41
37 38
38 71
72 138
29 150
12 43
87 166
10 17
159 80
7 52
38 75
14 84
74 84
93 174
4 98
36 117
118 139
31 171
132 90
38 52
106 84
112 82
66 83
94 150
112 153
113 66
56 164
16 36
94 13
50 96
159 149
86 46
78 124
178 147
66 164
134 53
109 53
163 168
89 183
100 164
174 67
71 23
2 174
32 100
22 120
188 3
17 55
113 35
163 82
22 5
163 56
179 46
36 21
131 43
87 92
46 91
36 3
48 114
41 25
161 121
111 19
108 38
128 190
33 97
91 38
83 66
37 174
152 190
31 23
42 106
87 74
203 102
121 29
159 222
181 142
96 35
40 223
23 106
152 166
197 204
87 2
10 32
136 120
97 149
159 204
71 33
72 130
59 7
114 48
66 122
128 123
10 123
80 189
146 124
69 5
171 41
107 10
141 3
18 67
139 92
165 176
148 18
141 150
6 91
72 195
4 120
163 33
111 150
20 109
195 142
36 104
148 161
5 29
7 56
33 54
115 74
111 196
30 81
36 27
112 166
31 154
130 77
25 13
22 14
36 33
157 136
59 13
24 87
10 7
12 84
78 43
61 113
30 129
148 9
170 25
136 123
84 47
53 8
18 94
3 106
65 78
102 157
84 98
163 100
36 96
141 33
52 35
49 176
14 23
179 33
7 53
2 73
164 28
105 138
76 38
14 87
49 25
34 23
64 38
67 13
131 202
52 16
198 43
21 16
106 87
48 60
25 119
87 110
16 137
136 52
62 99
37 94
81 3
31 131
2 81
17 96
148 38
98 186
163 98
184 34
61 23
36 71
61 111
174 38
38 5
79 101
4 175
77 36
7 13
3 210
47 85
183 59
81 49
174 100
100 104
154 107
23 137
33 16
8 50
81 106
74 66
154 84
181 81
70 52
96 100
71 94
74 13
52 46
126 7
38 100
41 216
7 75
41 186
5 83
18 23
112 150
202 65
193 205
64 59
36 98
207 176
33 96
30 82
70 35
213 13
167 57
36 38
128 30
78 171
100 120
10 75
22 15
41 105
111 12
36 9
30 25
46 13
164 7
36 31
18 66
112 59
18 16
16 150
36 107
79 159
144 4
81 190
134 174
97 2
159 174
21 164
135 99
22 97
100 56
36 10
216 16
183 48
134 100
71 28
159 105
94 75
109 95
8 10
41 28
42 59
70 105
3 178
175 11
42 84
111 26
52 100
160 60
4 34
97 28
16 18
46 7
112 5
100 150
72 12
215 3
36 174
31 77
144 98
174 33
49 123
141 35
109 35
24 42
23 38
32 38
84 127
136 18
174 91
111 124
173 31
31 78
183 49
130 92
56 94
173 111
187 184
184 86
93 49
21 71
33 46
102 139
116 160
128 19
140 54
130 142
112 137
30 106
65 72
61 140
12 174
94 18
109 20
50 122
22 71
77 111
97 121
18 164
4 46
78 135
128 171
100 9
181 31
47 36
127 84
100 55
195 25
23 164
167 68
89 182
27 73
87 3
96 52
141 36
101 174
142 81
36 56
179 23
190 59
184 73
171 106
40 55
107 9
179 165
130 12
134 34
130 202
164 18
112 176
45 23
24 72
148 29
152 110
86 23
77 142
160 114
202 42
93 105
18 125
85 145
8 96
34 55
202 106
50 7
54 149
141 96
114 59
72 103
92 49
90 132
5 164
27 91
84 33
77 166
100 13
112 163
52 71
65 166
77 27
215 1
130 147
101 23
59 6
139 35
16 100
52 28
92 87
168 149
78 130
37 164
78 25
157 179
114 89
3 42
112 125
171 43
31 28
111 31
45 145
121 66
128 42
4 7
197 127
59 91
78 81
128 150
184 2
50 13
186 107
61 15
93 178
4 172
84 174
128 111
65 99
90 11
163 120
30 127
158 11
25 30
94 96
56 10
65 106
20 38
16 7
128 26
160 91
6 103
6 2
36 138
171 138
46 52
139 175
83 53
224 11
159 84
78 120
120 37
174 54
5 38
10 94
203 157
19 27
78 24
12 111
34 46
36 51
3 6
52 18
12 19
85 98
82 5
93 84
139 102
93 59
139 68
16 121
74 122
144 109
31 18
84 41
47 41
128 12
118 4
52 51
184 76
28 121
21 5
20 150
97 46
116 48
67 23
2 87
36 11
160 178
59 42
168 18
22 172
128 91
130 42
72 42
44 82
156 151
166 110
5 206
92 190
80 109
92 7
56 71
76 153
70 11
46 21
192 35
92 147
167 174
122 94
36 185
66 13
100 96
61 65
195 3
18 120
130 13
28 5
170 160
112 12
48 182
86 185
109 23
64 13
10 35
128 135
42 81
26 110
31 12
16 107
34 100
34 21
38 35
160 106
113 134
70 74
74 21
154 12
4 193
4 21
109 71
25 138
130 49
112 106
26 30
42 91
74 18
100 138
87 42
15 156
61 74
18 52
71 172
24 43
155 207
7 9
164 120
30 197
168 98
160 172
20 172
113 74
170 147
42 180
61 98
36 17
128 72
92 25
147 81
17 32
111 42
22 151
112 94
107 123
52 123
159 189
72 3
31 111
21 20
5 16
163 95
152 43
4 217
81 98
142 83
67 52
82 76
145 166
159 127
20 18
92 110
72 111
12 172
160 170
86 47
20 100
121 95
141 85
177 201
34 186
171 6
3 142
41 145
90 179
128 38
114 49
66 57
216 40
92 30
131 12
92 60
17 18
22 28
38 17
58 218
203 90
102 193
25 59
101 13
18 96
107 186
50 53
106 23
36 164
8 32
64 109
101 4
47 174
112 55
141 82
160 42
200 218
84 23
202 131
27 196
73 91
94 100
219 159
66 38
66 76
164 84
56 18
108 98
87 106
42 1
111 171
160 183
4 66
14 33
28 120
77 152
59 81
32 96
43 81
100 50
128 25
83 10
41 171
146 166
7 120
145 47
8 71
64 188
177 84
135 150
166 111
93 106
102 117
5 7
218 200
36 55
44 73
145 82
200 46
168 97
42 87
97 40
201 13
119 2
128 152
71 96
107 16
71 137
146 158
16 71
31 110
83 124
12 72
24 30
20 5
50 18
78 3
65 24
181 52
36 8
12 155
72 110
166 146
31 19
152 135
120 150
91 174
36 102
3 84
171 59
179 38
180 196
145 91
54 132
131 105
160 9
31 91
138 171
101 159
67 110
94 16
67 33
87 119
154 16
59 43
53 66
72 25
49 147
33 15
18 9
3 2
84 55
114 130
24 129
130 87
37 29
120 13
56 16
81 129
14 97
179 90
10 55
92 171
41 81
161 148
140 197
59 110
77 81
56 37
131 35
72 152
28 9
102 11
30 138
89 147
74 107
152 77
65 110
97 14
147 43
71 7
84 103
147 190
33 9
3 190
97 82
10 107
41 34
115 142
98 9
178 1
31 138
49 93
168 163
101 37
72 31
59 106
108 7
34 82
56 33
216 84
27 2
124 55
167 91
81 92
178 42
152 27
5 17
179 70
110 25
32 7
155 12
70 192
12 106
134 142
114 87
74 137
103 81
112 66
97 84
71 100
36 16
131 138
113 105
53 52
179 57
111 27
141 52
31 27
152 111
110 180
36 121
41 75
31 146
93 142
108 13
94 9
112 75
5 96
41 33
16 40
36 41
8 107
3 105
17 28
17 7
103 171
31 124
