225
0 1
2 3
4 5
6 7
8 9
10 11
12 13
14 15
6 16
17 18
19 20
21 22
23 24
25 26
27 28
29 8
30 31
32 33
34 35
36 24
37 38
39 40
41 20
42 43
44 45
46 47
48 49
50 26
33 17
9 13
22 51
52 53
40 54
29 3
55 56
57 52
58 22
59 60
61 4
22 9
62 63
64 31
65 47
39 66
14 44
67 68
69 70
27 69
66 39
71 72
73 9
66 74
8 75
54 76
77 44
23 78
9 66
29 20
79 35
80 68
79 81
5 14
69 55
82 83
21 38
84 85
48 86
87 88
89 90
91 9
38 26
9 3
58 72
33 47
92 93
94 95
96 97
32 9
10 98
20 99
79 74
59 79
88 87
86 100
12 78
12 66
101 3
45 102
19 10
7 103
104 105
104 106
6 101
20 93
64 9
33 67
6 20
69 107
4 39
23 16
108 13
20 63
21 18
77 95
101 8
80 42
77 105
108 109
12 110
66 92
111 78
12 112
56 47
4 105
55 113
25 101
14 13
48 20
15 48
114 113
47 99
115 3
97 116
108 3
117 97
9 67
58 98
19 9
19 62
9 118
109 99
69 101
45 119
16 49
9 119
120 121
59 35
90 110
62 69
42 72
122 1
108 123
53 52
65 124
93 46
55 92
80 18
125 46
78 40
89 126
86 98
89 114
78 103
127 46
110 128
42 126
59 5
75 5
42 33
89 99
91 46
48 8
128 6
64 60
91 72
51 129
80 54
49 28
130 76
54 52
61 12
15 72
6 131
56 100
33 22
40 12
39 132
33 60
133 48
20 25
134 135
33 119
28 85
38 75
77 114
78 50
33 118
37 86
93 83
84 72
135 1
27 45
113 17
45 83
136 137
48 119
118 4
92 47
25 138
5 21
3 83
44 53
8 7
34 4
84 47
109 45
111 132
77 6
107 72
21 108
139 55
77 3
31 67
28 82
132 44
96 83
5 17
78 86
35 140
20 7
25 79
64 89
86 33
96 141
114 70
92 142
4 25
128 79
132 51
114 74
33 83
41 83
143 54
19 74
61 107
42 22
35 19
36 18
38 86
144 105
13 22
27 24
45 95
140 113
145 76
23 86
61 25
92 31
4 146
19 146
48 21
35 147
52 148
108 10
7 82
27 144
27 108
78 64
118 46
10 45
1 149
36 99
80 56
42 18
98 118
74 132
47 150
59 125
58 52
78 151
138 63
28 107
63 8
21 152
46 83
108 119
36 86
5 12
94 105
61 58
17 105
77 98
64 98
31 114
66 20
31 42
92 109
6 19
28 5
39 99
143 15
23 98
29 19
111 3
59 64
45 66
69 64
153 97
5 47
143 154
100 72
37 3
155 156
24 48
125 22
28 132
77 42
6 83
33 127
11 75
91 109
61 20
22 55
91 145
32 10
56 73
99 44
35 7
77 55
77 67
20 31
157 67
19 54
64 66
64 45
76 158
77 33
111 14
39 46
4 51
159 52
4 19
58 14
114 66
59 20
95 83
118 134
90 98
11 55
96 130
91 5
108 72
56 118
73 47
125 160
92 22
5 44
118 113
155 2
98 109
78 21
89 98
109 66
101 69
29 161
48 64
20 28
105 151
133 52
7 19
27 114
33 44
106 105
10 4
8 41
39 17
54 18
109 139
41 19
46 9
8 140
21 6
131 11
59 21
14 72
28 34
74 8
14 69
91 8
131 109
125 93
7 72
32 123
145 162
4 161
74 5
13 12
91 52
90 42
5 99
90 114
89 145
39 69
10 114
132 3
94 102
82 4
156 155
31 21
12 107
114 44
13 83
114 4
144 67
29 108
98 138
7 113
118 26
29 41
35 69
92 51
90 95
163 120
14 77
50 4
78 113
135 78
131 59
42 52
164 165
71 50
54 73
39 9
79 165
114 14
145 166
33 85
29 97
57 123
6 15
19 164
89 132
31 93
19 6
23 45
161 167
134 142
27 8
99 17
109 33
27 35
8 49
10 92
11 26
64 73
59 25
113 14
8 114
78 134
7 75
33 92
125 99
168 3
44 10
141 160
98 69
169 122
108 36
42 84
125 132
12 19
169 3
42 100
66 30
64 16
108 22
21 128
4 132
99 67
90 39
9 4
128 35
128 38
170 52
131 8
91 158
5 59
31 47
12 95
114 21
50 118
61 141
66 12
91 54
171 39
6 12
78 83
63 21
73 172
40 10
80 44
96 39
36 84
73 157
143 18
16 100
19 41
6 62
109 173
58 92
77 107
50 92
136 170
74 7
12 4
74 27
111 92
77 78
5 54
35 26
61 105
21 14
84 86
22 48
14 63
171 22
59 45
138 34
51 112
80 90
20 52
77 48
113 48
55 31
127 33
99 51
48 39
11 107
102 100
40 9
111 85
4 45
32 5
39 72
90 28
67 51
125 47
19 4
174 161
98 89
105 1
29 9
113 9
31 86
113 175
91 48
118 31
24 42
156 65
26 83
28 48
118 19
25 59
118 56
58 12
110 142
25 64
38 19
114 56
8 141
7 35
0 52
79 126
79 115
66 50
65 51
176 177
144 14
114 6
77 66
89 119
32 100
73 93
98 18
8 98
67 157
23 111
77 108
58 39
118 112
143 5
9 39
24 22
73 78
118 51
153 178
114 99
38 4
21 3
80 74
59 38
60 108
113 86
69 179
21 26
21 28
21 52
48 54
55 72
91 69
32 86
49 21
89 22
59 74
144 114
96 85
78 54
55 52
6 72
14 105
69 75
58 107
39 180
78 158
20 91
4 55
34 19
10 46
127 42
89 52
36 54
58 69
169 119
77 14
120 76
0 129
91 35
12 122
29 31
5 83
140 20
125 54
19 76
75 2
99 24
94 158
62 72
92 50
54 3
106 76
181 182
59 83
5 20
21 118
80 158
40 108
79 138
27 95
18 22
78 119
183 52
10 132
31 171
35 125
108 86
127 19
144 60
14 113
20 18
59 6
28 138
20 45
20 29
98 6
6 34
184 53
21 74
33 142
48 24
103 8
12 128
39 1
91 128
114 18
139 3
36 73
27 89
74 100
138 103
42 75
125 103
80 45
78 46
22 85
38 98
59 15
23 84
13 31
37 98
24 51
78 58
108 132
160 83
9 42
58 48
61 109
8 4
140 79
48 138
140 23
36 108
34 20
31 99
98 8
113 3
20 15
14 119
59 185
21 39
77 45
63 26
22 3
141 4
80 16
79 21
89 54
59 46
99 107
77 60
77 16
143 31
28 22
28 3
74 78
186 120
75 28
77 65
187 52
31 14
140 31
39 54
96 33
56 99
34 6
144 55
20 46
6 98
113 26
42 39
106 1
96 93
34 48
4 59
78 90
70 114
86 44
61 75
4 114
134 18
15 93
55 19
135 106
118 75
40 19
171 85
128 74
20 19
114 67
71 22
114 42
111 46
9 45
131 132
5 58
78 44
55 73
108 60
102 18
89 44
108 143
117 188
45 54
21 148
135 73
109 2
16 33
4 65
78 95
69 35
6 31
127 52
14 60
9 84
13 39
21 141
111 56
118 99
21 119
35 141
25 7
58 86
104 135
9 108
181 135
26 75
21 72
9 50
8 147
111 21
69 59
59 109
83 72
109 46
90 78
22 46
12 157
61 108
114 92
91 33
4 54
187 95
49 86
79 154
29 65
29 26
75 43
13 154
107 3
6 65
162 1
27 141
141 26
70 128
50 39
96 105
158 3
65 95
29 72
108 83
23 65
74 9
19 15
4 74
99 31
69 109
141 11
99 39
39 33
187 184
146 113
132 100
131 3
40 56
27 56
33 51
91 17
110 34
84 155
78 6
31 141
93 127
189 187
86 89
114 98
44 9
16 59
14 19
45 100
13 95
140 16
66 56
114 47
109 11
113 8
9 22
58 190
67 24
58 47
110 59
61 119
10 107
80 99
51 52
20 72
14 85
61 60
93 9
8 177
75 68
101 72
153 170
20 61
47 83
41 48
191 52
78 60
74 35
6 35
98 19
9 56
72 83
78 104
74 33
111 119
29 17
91 4
27 17
46 51
11 9
144 74
7 26
21 140
32 17
149 52
169 83
132 112
86 83
108 85
77 69
5 93
142 192
140 62
25 75
163 52
140 86
39 47
50 72
74 58
75 142
108 89
92 33
9 48
71 39
77 89
115 113
90 73
69 140
156 97
89 16
171 67
111 67
94 22
109 60
101 110
108 100
74 85
25 98
21 114
79 8
21 59
42 119
11 72
61 138
25 39
8 48
118 44
96 182
78 89
48 5
98 97
4 118
88 193
58 70
96 72
21 131
61 150
75 33
65 96
2 155
74 94
69 146
23 5
56 74
86 9
42 30
11 4
60 52
8 101
18 46
15 3
47 9
29 99
64 86
5 24
169 123
5 75
12 148
143 73
30 26
73 86
141 124
114 60
49 25
60 33
71 112
50 18
139 100
98 74
80 64
49 53
5 46
30 83
61 69
133 35
77 18
61 157
10 31
51 99
84 17
12 143
115 155
27 29
50 2
21 57
86 48
26 41
118 73
171 12
125 100
189 52
114 31
93 18
48 63
46 22
183 163
19 177
117 126
61 3
4 109
118 54
143 132
45 112
13 142
37 85
35 146
64 20
95 148
8 16
64 47
80 47
93 2
27 7
9 73
90 127
90 52
29 10
99 48
33 45
5 118
27 93
25 4
29 93
74 103
141 30
96 16
110 113
59 70
35 82
144 54
51 100
48 100
61 33
14 12
78 10
138 85
6 28
79 100
55 105
27 173
5 60
161 170
183 134
133 21
9 92
143 99
83 3
171 54
125 8
109 89
74 113
60 22
135 104
51 45
19 48
67 1
32 54
55 66
90 23
66 99
66 5
163 121
114 45
8 29
91 114
5 40
111 24
114 111
75 74
46 45
47 66
118 11
84 44
20 50
61 66
73 84
19 28
19 101
104 76
12 161
110 109
45 22
88 194
77 118
48 128
49 41
76 106
184 195
42 5
135 134
48 25
77 22
111 108
75 92
27 12
32 99
143 100
61 2
14 73
15 31
125 59
112 52
73 44
73 192
56 55
65 13
80 55
9 14
127 54
89 102
47 113
140 21
36 40
118 100
25 8
32 52
35 41
118 128
31 54
23 17
108 66
12 115
38 20
60 9
189 174
89 67
80 76
27 91
113 75
140 48
0 65
119 39
108 92
2 98
9 83
4 13
39 95
111 77
118 18
105 52
110 31
69 63
47 123
110 54
118 15
140 99
56 108
17 16
108 40
136 174
93 3
136 65
47 60
15 127
134 76
28 127
42 132
144 56
20 89
84 46
106 158
79 37
108 58
8 59
77 109
113 18
108 98
98 45
175 131
79 4
108 80
22 18
132 89
78 94
101 34
73 100
146 16
146 3
171 44
127 109
118 155
118 8
61 1
12 56
183 78
125 18
152 129
78 76
90 5
90 13
127 73
25 152
153 189
50 83
51 150
15 132
86 14
133 4
108 39
31 16
1 196
59 19
23 54
114 22
31 22
56 67
143 89
47 132
113 85
110 27
25 83
118 72
125 45
36 89
119 3
70 21
8 3
61 72
145 3
24 114
31 73
52 149
51 4
61 19
33 46
63 48
7 138
102 187
24 89
47 89
101 38
77 54
24 99
118 127
64 22
92 145
175 48
71 69
168 48
95 174
64 55
109 32
27 100
102 73
118 114
8 69
94 142
14 50
11 41
127 22
15 9
141 21
106 65
197 50
78 47
19 52
114 77
114 48
140 128
32 46
75 93
42 79
47 33
12 140
18 99
58 28
91 142
73 161
89 155
7 50
31 90
109 14
59 114
36 100
111 98
50 73
75 89
8 125
64 107
143 75
79 52
100 83
99 89
20 109
27 65
54 85
78 96
34 128
118 92
122 149
29 64
111 128
16 83
77 56
60 89
50 89
140 179
99 56
69 113
138 98
51 41
27 84
79 12
27 22
127 83
26 48
144 93
71 20
61 39
74 143
19 118
125 128
6 21
42 46
31 15
115 48
155 3
64 83
105 145
4 198
143 93
74 4
18 73
4 64
2 33
79 128
23 3
96 192
118 21
75 41
75 6
29 1
158 94
51 54
11 8
29 140
105 134
49 34
86 26
70 75
89 75
163 130
132 9
99 60
67 89
99 22
42 15
78 144
52 198
27 55
37 8
19 55
24 44
86 72
28 83
132 24
32 89
50 22
115 12
25 103
111 54
73 17
118 60
45 2
92 68
174 106
69 19
120 134
59 34
16 145
98 92
151 76
31 112
102 76
197 152
111 73
78 75
90 21
6 59
58 118
78 100
98 75
58 67
96 183
28 98
60 2
27 73
6 3
144 16
138 19
160 113
29 92
118 177
144 45
56 111
55 100
73 45
48 46
59 28
171 99
74 92
105 76
14 36
16 92
60 90
80 132
118 5
38 138
21 67
34 28
96 73
21 89
125 107
31 108
2 83
21 146
4 142
9 127
80 85
15 109
94 135
12 111
9 44
73 85
114 118
51 85
103 125
33 89
44 74
170 3
55 86
65 80
92 112
69 48
29 76
130 135
19 93
9 72
7 146
139 107
80 100
22 13
157 1
42 4
7 64
66 67
91 85
62 6
75 154
27 102
79 199
29 141
48 103
160 59
35 28
143 112
32 83
11 3
58 42
59 82
59 113
60 127
33 93
140 98
6 138
160 52
99 46
12 99
58 179
65 158
162 150
110 90
51 67
12 109
82 114
79 140
55 18
90 109
163 135
90 80
76 134
19 22
156 52
50 44
39 112
7 20
109 86
49 52
59 14
73 104
4 66
19 66
4 141
6 44
99 3
60 14
110 73
99 93
0 165
92 20
23 90
23 9
86 99
10 72
127 85
32 55
139 67
114 23
165 0
96 121
40 39
118 97
9 18
5 4
12 54
19 63
59 50
79 59
58 158
161 19
78 107
79 75
42 45
22 44
143 56
36 83
6 133
33 2
58 54
39 55
143 105
55 142
125 73
80 33
22 4
61 86
80 48
125 35
7 25
92 48
89 118
54 33
96 118
143 141
10 16
93 51
75 126
9 89
50 99
56 4
69 138
48 41
134 55
118 83
13 192
10 100
49 161
25 51
18 66
16 61
39 13
107 48
144 99
16 200
9 64
21 48
138 48
30 66
118 151
128 70
92 119
55 83
4 22
70 59
99 132
182 96
31 9
40 24
133 19
114 75
61 85
78 12
21 5
9 109
132 19
74 28
28 1
28 125
20 100
117 52
18 112
73 127
21 138
110 71
121 134
21 165
98 26
90 60
8 86
141 176
65 45
131 28
58 93
16 20
128 101
23 39
34 131
86 109
8 34
144 58
77 12
14 143
48 89
90 113
78 132
114 72
65 89
38 35
92 56
143 84
144 100
14 128
47 52
1 129
105 65
27 11
20 86
143 98
143 16
15 18
131 72
78 92
189 3
110 19
113 201
20 113
98 60
118 1
4 126
42 139
75 18
61 51
28 103
5 141
106 54
18 4
39 98
73 99
90 65
171 9
89 45
144 42
19 71
108 111
78 19
96 135
128 72
186 130
96 202
26 72
90 100
90 89
189 157
26 177
139 42
137 165
27 51
27 123
20 59
31 92
73 5
75 4
5 66
143 22
33 73
62 37
13 33
102 159
130 121
23 63
144 72
75 21
154 52
193 194
61 84
144 44
138 115
195 174
48 11
139 24
19 90
98 114
92 173
23 31
74 86
29 39
31 30
9 143
50 74
110 112
132 92
110 48
143 151
132 2
149 122
160 1
113 76
38 110
101 103
98 132
96 100
35 8
169 157
55 114
25 74
31 12
153 65
28 65
170 153
4 9
133 98
27 33
90 22
17 72
75 3
34 138
127 2
48 140
75 55
10 66
42 109
132 73
84 109
27 20
92 64
55 151
11 79
59 141
128 110
75 22
32 15
23 60
110 25
110 85
62 21
51 44
29 15
52 150
100 24
169 9
12 58
118 48
38 82
6 78
75 30
25 45
19 3
118 86
21 55
115 116
80 65
38 16
91 105
24 92
55 75
131 15
66 86
79 200
11 177
34 101
4 31
72 3
64 112
86 123
114 19
92 26
66 113
28 93
29 128
23 52
108 73
8 89
30 86
48 7
54 157
89 56
132 143
61 56
39 19
105 165
169 72
134 120
22 152
77 15
47 118
46 33
78 14
40 31
41 132
109 13
2 75
131 128
141 31
47 119
197 93
43 126
5 64
75 128
158 76
74 160
54 65
27 119
118 9
89 127
86 45
127 66
4 128
74 144
76 105
118 47
58 108
46 132
48 22
102 89
64 72
73 42
19 100
27 169
32 109
18 100
20 35
92 118
63 3
42 89
189 148
117 43
13 114
5 92
61 22
110 75
38 91
109 4
77 119
38 101
28 160
17 3
127 112
16 146
90 26
28 115
19 99
104 134
108 141
140 110
108 77
31 19
79 160
66 17
47 145
25 19
92 17
32 45
10 86
9 173
92 3
119 67
7 3
4 86
37 140
14 74
171 45
33 132
48 16
144 89
111 105
143 128
12 89
58 99
44 18
125 28
27 18
96 3
9 24
25 22
10 58
37 48
77 26
69 77
110 6
2 47
90 177
90 132
24 83
63 25
40 83
80 24
77 93
80 92
44 51
108 31
92 18
39 123
127 75
42 98
126 43
26 21
36 45
63 138
64 39
115 26
146 72
91 26
121 183
74 112
23 92
55 58
114 83
78 33
118 123
90 53
78 121
121 186
16 51
48 62
75 48
78 13
92 58
119 33
110 86
39 83
118 58
24 112
131 26
80 83
98 93
6 114
39 73
127 51
78 9
48 3
13 52
79 19
99 45
99 109
128 25
34 8
33 150
118 25
80 141
50 46
153 52
19 132
16 107
35 131
90 3
66 60
7 41
128 138
35 190
111 83
20 125
9 74
37 41
27 155
31 85
6 103
93 72
14 56
69 74
19 92
19 110
64 109
12 100
79 103
55 3
66 93
41 16
111 47
90 198
23 20
5 55
89 18
164 65
61 93
107 83
18 42
9 61
109 74
62 140
38 131
203 9
15 56
38 63
23 119
15 46
109 48
64 50
4 50
98 3
82 35
132 39
12 86
139 99
45 67
156 164
160 159
78 39
125 138
78 98
55 95
144 78
130 120
5 74
131 50
96 48
14 111
19 160
39 56
143 114
73 143
19 113
109 143
48 112
125 64
99 86
9 17
41 113
93 17
90 19
51 24
144 109
79 113
29 69
96 76
169 149
20 33
21 9
19 44
109 58
29 6
23 27
24 45
132 46
60 173
168 26
61 92
23 173
7 114
37 141
18 45
89 51
103 6
109 9
10 60
45 39
77 47
144 46
86 47
89 142
69 128
39 171
38 128
61 132
118 179
23 114
140 138
121 76
66 21
5 31
31 143
5 85
59 89
144 50
111 86
11 59
48 114
12 102
143 19
183 120
7 140
6 9
11 21
101 59
160 8
19 17
2 127
173 3
158 172
9 95
138 79
80 9
4 152
78 135
21 115
171 112
19 125
20 3
9 40
33 100
63 20
48 6
9 112
138 26
113 47
45 177
39 50
10 56
9 51
108 46
96 179
89 5
89 60
114 25
62 3
32 95
71 100
151 55
96 56
69 27
127 45
6 85
48 147
28 25
92 99
32 50
61 44
28 47
144 31
79 28
92 125
11 109
92 42
28 44
118 55
127 89
62 113
135 54
78 56
14 3
128 20
113 118
139 74
29 118
143 55
27 109
29 48
106 85
171 31
66 18
69 6
69 164
14 114
60 66
120 130
47 46
9 15
96 42
138 83
30 44
6 132
64 17
74 60
19 58
128 37
79 69
131 21
6 128
74 23
27 66
86 46
183 135
19 14
28 21
90 123
48 83
136 97
34 133
16 99
204 205
8 79
112 22
66 46
4 48
80 108
12 21
40 132
59 131
67 52
109 83
23 83
60 83
80 142
55 51
57 9
25 146
158 135
60 155
28 60
114 89
92 45
78 109
69 132
7 190
105 150
16 47
80 157
41 79
92 16
42 2
36 47
23 26
92 107
12 75
80 109
44 52
90 112
61 46
33 112
92 90
206 65
42 97
106 135
8 28
27 30
90 2
19 140
12 18
74 89
114 141
151 135
39 18
80 3
110 45
105 95
74 19
7 44
9 123
85 192
4 93
25 128
36 22
51 83
47 127
56 83
59 75
40 99
90 176
109 31
125 16
49 72
61 99
14 98
55 109
7 37
47 26
19 8
39 118
19 114
115 19
110 83
24 100
100 3
28 89
69 125
111 99
74 14
22 24
44 22
20 16
132 99
54 105
77 103
75 54
133 128
20 131
12 10
112 18
59 207
29 138
89 43
81 172
8 6
66 75
5 90
74 105
21 65
118 71
21 15
32 56
10 128
49 198
120 52
69 98
70 95
33 3
74 63
191 165
79 68
140 39
96 98
117 137
99 142
80 39
132 54
141 114
128 4
39 3
100 67
114 105
90 93
4 138
21 147
60 123
110 101
44 4
144 27
138 184
80 22
127 113
78 22
9 36
144 22
138 109
18 31
160 4
29 33
94 45
92 21
186 135
80 173
17 85
23 113
4 75
5 111
139 89
71 45
138 3
175 3
128 19
49 4
58 128
47 72
98 71
33 18
16 8
110 26
5 98
89 20
29 5
63 4
74 138
111 89
138 72
118 201
134 3
151 3
118 39
4 33
110 4
138 8
101 28
82 67
117 161
96 142
90 105
14 58
143 47
114 128
114 8
59 62
76 81
197 24
64 56
75 10
4 52
41 86
99 74
40 72
37 4
114 55
39 21
125 66
48 19
9 55
4 3
8 131
131 104
1 165
27 13
12 113
61 90
109 73
102 97
121 104
203 16
56 77
86 50
20 83
92 5
48 77
69 11
78 77
140 160
48 37
183 158
61 45
61 47
41 103
27 61
56 132
19 98
19 16
39 100
42 12
47 56
164 156
175 19
60 39
64 3
2 60
134 165
140 103
60 4
169 52
28 39
37 177
19 89
28 35
89 152
7 74
28 67
35 85
89 135
143 60
27 74
31 18
5 132
28 37
96 186
49 48
20 132
5 100
40 143
74 66
28 152
65 174
183 76
132 118
73 65
134 163
60 12
118 3
25 20
15 113
28 50
6 173
143 33
80 86
110 108
140 25
90 20
176 48
42 67
61 52
23 11
114 86
78 102
110 52
90 50
85 83
23 109
9 155
23 38
28 20
61 42
134 151
73 54
135 130
27 14
23 72
14 93
110 33
33 9
74 139
6 141
171 119
132 47
114 39
75 19
162 52
98 59
48 91
69 71
90 44
144 65
76 54
47 22
28 75
130 104
111 4
75 60
118 202
77 100
60 86
144 119
75 83
184 187
75 46
77 40
21 62
160 118
60 74
38 48
18 158
73 52
6 29
143 157
55 42
132 72
69 21
99 92
69 190
141 80
90 46
197 100
4 10
49 75
118 13
120 104
118 22
9 2
25 99
30 19
63 113
143 13
19 18
73 96
4 1
164 97
74 24
137 0
2 46
109 3
9 169
151 134
131 101
59 11
58 56
0 198
39 24
6 38
71 98
131 113
111 50
8 50
78 112
136 161
27 47
13 1
33 99
110 98
158 134
5 86
21 83
130 158
27 112
78 93
108 16
14 52
62 138
181 76
143 83
143 46
113 93
118 64
56 40
128 113
59 107
24 72
49 16
130 183
20 85
186 183
61 74
55 45
34 49
145 142
32 13
71 66
66 4
139 118
48 18
103 35
22 95
66 83
132 119
111 75
111 23
141 77
55 67
21 13
21 101
138 91
4 179
140 6
114 3
12 22
70 179
39 152
92 67
80 73
48 29
20 11
11 58
35 74
31 26
208 187
144 86
96 134
5 45
73 118
65 164
132 111
11 98
42 187
109 50
79 41
14 89
57 31
9 46
6 190
74 67
60 47
64 48
145 94
75 199
45 89
195 126
50 55
55 1
69 91
61 55
93 89
144 132
109 17
78 66
78 45
82 28
39 93
50 119
114 46
78 61
97 1
50 127
74 20
121 130
133 75
6 71
48 197
37 12
7 131
24 119
16 32
78 141
78 3
26 19
19 79
58 209
98 66
82 3
5 72
7 9
210 79
114 100
108 114
16 176
9 105
203 86
99 16
61 173
113 147
48 26
67 3
171 18
22 52
155 166
60 72
8 85
115 154
20 9
29 51
161 1
5 42
59 48
108 74
128 98
113 45
112 100
39 2
74 45
90 55
64 51
114 5
31 173
60 85
77 73
22 142
100 89
31 84
143 108
93 60
25 110
115 140
63 69
101 6
127 3
15 45
96 9
7 48
42 108
28 31
14 46
10 90
45 52
127 118
28 100
11 5
14 109
90 107
132 127
61 113
144 111
136 165
79 85
127 39
59 69
138 49
37 113
69 28
131 79
8 91
108 112
75 8
8 11
10 141
66 33
37 19
66 111
74 12
85 3
5 125
110 72
96 54
143 92
125 48
92 24
132 67
98 2
131 147
169 76
28 26
31 29
118 74
158 52
127 65
89 112
58 9
46 2
113 0
7 69
2 42
139 155
27 52
69 110
40 109
21 8
73 111
38 69
61 31
84 73
67 119
20 6
9 60
58 24
6 146
74 3
42 10
80 15
54 22
32 22
9 99
146 35
55 46
8 128
55 47
109 21
20 90
2 51
48 133
92 46
20 107
4 44
112 45
106 192
12 138
59 18
99 118
12 60
7 27
48 34
8 138
5 48
12 37
42 54
181 145
28 51
75 152
78 99
27 16
111 31
21 85
115 62
144 39
39 111
6 66
6 63
133 146
38 62
79 51
74 13
31 58
117 0
125 4
2 109
176 72
121 135
19 103
49 125
50 112
31 46
84 31
41 45
55 112
25 11
25 46
28 19
21 25
118 82
154 211
143 45
63 6
59 86
99 112
102 165
184 208
46 66
4 113
22 98
40 73
30 55
19 65
66 47
101 25
60 93
42 118
79 98
127 1
125 55
63 62
48 9
114 142
138 128
4 100
74 18
50 19
39 64
47 39
131 125
32 73
69 99
78 48
27 92
39 114
78 108
70 3
132 125
113 66
75 49
136 191
47 42
54 100
61 64
144 92
74 2
44 39
110 119
21 109
69 103
12 23
128 8
134 183
48 109
27 41
113 16
15 118
66 114
35 101
111 144
21 75
55 26
69 38
125 56
140 190
203 15
99 47
197 56
33 66
143 4
111 114
89 172
125 177
132 15
24 85
191 0
132 83
158 18
93 45
104 130
8 25
59 54
9 33
2 73
24 108
64 18
134 1
28 2
11 48
96 52
23 14
27 105
103 113
61 127
120 186
66 48
42 73
95 187
79 25
37 21
28 140
71 48
99 4
48 66
114 143
208 184
90 72
73 135
141 118
118 125
5 10
74 90
131 140
23 18
18 127
4 15
33 55
27 145
151 105
19 127
92 132
12 132
39 67
71 9
45 46
4 140
140 4
60 18
114 69
31 74
127 9
136 0
134 106
8 133
118 76
28 58
143 142
10 55
78 74
54 1
144 73
22 83
95 22
163 186
35 52
156 189
58 4
59 91
76 94
79 22
71 46
19 2
80 150
22 45
115 69
59 160
19 119
45 99
8 113
63 35
23 40
22 33
105 98
61 26
8 19
12 114
77 17
35 63
27 3
11 113
25 140
8 72
71 19
28 66
8 37
39 48
39 108
18 54
35 91
60 118
119 83
78 55
69 72
59 26
118 166
75 9
27 118
21 4
115 28
34 110
35 110
157 54
99 95
6 4
18 39
66 55
110 63
143 111
27 9
60 45
125 92
4 79
15 54
31 83
120 183
58 19
60 46
140 27
55 98
75 79
64 15
181 78
89 2
98 140
127 155
20 5
106 145
60 92
48 176
23 15
174 187
170 136
77 9
33 54
29 60
90 141
41 131
135 181
55 5
115 123
79 131
50 85
92 39
36 9
99 105
90 51
29 35
29 86
94 122
134 158
132 10
184 52
16 60
114 138
125 33
29 85
56 5
25 3
21 113
37 72
61 54
74 56
18 135
74 114
131 35
15 4
58 119
131 138
109 127
58 132
6 25
73 102
91 83
4 35
37 138
54 106
69 39
20 177
118 107
12 14
4 133
21 122
64 100
75 45
135 183
5 73
155 46
40 86
4 85
19 104
19 69
50 52
71 33
126 122
18 72
188 137
101 48
27 26
23 123
48 85
65 179
55 44
89 66
99 55
84 9
110 9
14 169
38 34
125 146
86 3
9 54
23 89
47 54
74 64
9 26
52 122
103 15
125 86
73 2
24 142
114 140
134 98
35 21
74 51
92 72
196 1
110 103
73 94
59 179
56 89
64 74
61 16
132 42
141 75
89 42
24 12
60 75
101 35
19 35
73 83
5 50
98 42
32 18
75 42
31 24
109 93
39 211
78 173
144 9
89 81
198 1
110 21
27 44
139 22
89 65
77 112
90 99
136 187
12 67
108 169
108 14
69 41
145 72
48 131
41 152
55 68
99 100
74 6
132 66
21 177
12 154
48 28
47 109
109 132
12 31
103 9
143 85
48 110
31 48
16 74
59 9
69 7
7 28
125 21
12 108
48 99
42 152
7 128
48 72
106 104
71 3
75 113
25 28
174 184
139 45
55 22
96 78
77 21
128 131
23 21
4 69
76 65
90 9
12 39
45 152
38 100
132 98
160 91
35 138
16 17
49 138
55 118
23 13
125 75
83 16
32 72
49 6
75 11
73 145
102 45
65 156
19 33
11 66
173 83
89 125
143 86
73 22
109 84
19 131
115 37
111 72
175 52
12 3
77 50
50 47
33 159
14 22
69 4
143 123
12 74
35 59
61 15
74 26
22 119
96 181
20 64
42 93
90 119
110 22
115 79
143 107
118 20
93 118
77 141
20 160
111 18
67 165
58 17
110 67
73 46
19 147
42 66
89 13
45 24
48 79
29 152
28 55
39 51
134 94
78 181
90 47
132 50
109 47
74 42
41 125
27 98
66 98
41 28
29 16
78 67
110 47
58 100
20 75
89 47
164 189
96 47
114 110
20 128
16 125
99 152
79 44
16 9
119 18
33 192
31 23
30 141
111 19
21 179
74 118
29 73
73 76
91 108
7 125
108 5
4 99
66 14
144 15
21 45
102 122
61 21
99 66
23 67
99 73
70 65
40 18
80 123
143 12
181 134
70 86
141 10
131 76
66 118
20 103
58 74
101 19
108 23
26 128
22 39
77 20
108 93
96 84
27 4
111 65
118 50
75 125
11 132
86 119
8 160
16 55
59 101
62 115
89 33
111 5
22 66
125 39
6 17
28 9
14 95
132 4
60 16
138 69
108 42
21 11
36 46
23 95
78 84
130 186
14 99
28 18
92 66
12 24
29 62
19 64
89 74
62 4
27 107
39 52
140 69
28 79
12 77
21 1
144 66
12 119
59 44
90 18
138 37
66 127
90 207
13 4
2 100
47 93
21 107
6 8
51 39
144 23
69 14
39 60
126 52
75 39
121 120
56 58
108 18
75 70
191 116
94 106
132 18
86 93
12 145
74 79
39 86
78 51
40 5
31 61
114 13
20 21
35 20
77 85
73 1
20 110
53 1
14 100
26 3
20 141
29 12
19 212
99 33
69 78
127 18
10 22
104 186
38 9
79 83
24 33
17 52
74 98
46 50
23 140
9 85
140 125
33 76
42 107
32 93
14 9
143 66
125 72
24 39
125 26
65 0
113 83
32 60
56 2
118 42
73 72
75 133
93 33
118 45
1 52
145 150
111 143
21 12
12 92
28 69
134 186
14 48
176 3
7 6
143 39
7 71
46 72
14 33
10 75
103 20
102 85
61 152
28 33
16 124
8 83
92 52
11 50
197 166
14 112
42 83
79 3
77 5
6 86
41 4
75 72
29 107
23 101
191 137
5 127
29 213
34 103
108 44
27 99
96 109
93 66
119 100
10 118
127 98
110 35
24 95
135 105
47 19
55 127
181 96
21 20
135 121
74 10
110 64
61 65
136 188
143 40
154 68
31 123
21 51
198 53
203 72
49 19
38 37
78 8
189 153
55 39
90 54
149 1
12 45
175 72
212 19
5 108
70 98
46 109
36 5
90 1
91 3
84 83
17 45
119 89
118 16
130 163
73 39
171 46
169 166
160 28
35 6
28 16
47 44
52 1
143 17
42 56
129 165
131 41
110 16
99 54
143 72
48 23
74 55
91 21
21 79
189 67
94 134
181 54
32 42
161 73
9 132
75 1
40 3
24 17
90 118
89 100
111 60
40 74
146 4
47 85
140 37
33 72
103 4
9 10
67 44
46 118
14 18
138 62
2 152
23 59
50 100
174 65
38 113
35 103
77 128
31 5
19 82
29 50
19 47
9 113
64 33
18 83
114 82
39 22
127 93
191 117
90 17
4 177
7 86
23 56
138 25
91 119
79 43
41 35
96 46
69 131
77 63
28 74
36 85
108 99
16 109
56 42
5 23
27 152
69 58
4 24
59 110
82 45
66 143
40 118
151 158
34 82
90 74
98 165
101 7
80 95
74 169
143 65
110 134
77 31
21 54
12 118
140 19
110 74
22 31
27 75
214 215
50 66
156 174
75 118
21 173
73 66
22 73
96 145
39 10
47 17
89 3
23 107
48 12
14 16
64 99
5 109
114 7
59 4
93 73
144 47
90 67
189 155
30 89
26 141
74 41
56 12
80 118
118 216
61 100
98 70
26 113
47 5
109 92
84 67
39 92
65 187
18 55
39 45
59 3
118 152
99 9
183 94
35 107
133 6
0 97
6 207
141 29
118 28
114 64
27 50
19 109
20 44
57 83
60 99
54 17
13 18
140 72
14 26
108 17
76 135
98 55
73 89
57 17
12 5
114 91
5 110
158 151
27 6
24 46
60 143
143 67
58 31
99 157
29 143
55 132
91 134
90 31
131 146
14 83
140 68
135 76
121 163
31 56
109 55
79 72
144 95
47 2
108 118
32 4
160 48
73 151
96 158
30 100
132 58
61 50
46 3
39 42
73 53
195 184
19 142
88 217
63 74
23 93
39 109
67 189
131 9
102 135
128 48
73 33
66 45
54 45
198 52
47 73
23 103
113 54
47 92
67 83
6 75
48 69
143 24
67 100
110 99
27 110
62 12
14 23
59 52
71 89
32 67
66 90
92 19
47 179
143 3
86 73
27 67
110 12
73 51
111 39
19 173
61 202
65 4
68 165
30 75
39 119
108 45
54 83
79 0
134 121
189 65
4 47
35 31
9 47
102 54
114 109
108 84
51 152
60 5
132 22
6 74
105 94
19 141
58 60
24 9
59 103
56 9
101 131
143 95
138 64
175 113
27 85
189 97
73 77
61 73
26 8
197 4
174 44
117 165
99 18
36 42
191 136
49 107
16 93
40 77
20 48
141 5
59 41
113 132
109 100
114 59
28 131
56 114
66 73
56 3
65 97
56 46
46 127
74 119
82 59
69 114
10 143
28 72
125 5
137 117
186 121
51 89
29 66
6 27
74 48
21 23
80 4
98 127
48 44
160 140
35 113
131 4
38 50
73 56
14 67
139 39
59 23
14 141
45 33
4 95
16 66
109 72
28 113
48 27
113 50
23 74
65 67
31 109
128 140
38 14
25 109
22 179
29 4
96 18
171 24
74 125
6 110
6 140
6 92
23 144
125 89
137 188
92 2
110 91
61 123
55 60
31 71
90 27
24 67
16 4
11 60
6 46
25 114
203 109
164 155
48 59
215 214
51 22
128 114
90 4
69 34
191 65
110 42
23 4
118 17
132 90
29 13
108 12
157 178
128 34
59 118
4 41
77 169
17 46
110 145
58 44
140 12
8 107
140 8
8 35
36 109
27 72
58 127
37 28
20 23
75 179
127 5
20 69
4 8
30 48
22 89
106 52
135 120
12 42
35 79
138 28
25 63
102 52
144 85
45 51
131 175
24 3
19 45
34 21
125 41
11 92
111 12
98 100
50 9
118 10
139 112
39 44
91 160
64 46
37 128
21 159
25 41
153 159
60 109
42 31
6 107
78 31
39 25
78 17
27 40
21 103
66 100
59 85
59 128
15 47
74 108
90 10
203 31
31 33
4 20
145 105
74 21
31 66
64 5
29 52
19 85
74 128
41 51
78 42
20 79
111 118
188 0
65 118
132 60
40 128
91 113
61 48
48 73
42 99
58 134
90 66
161 117
90 45
51 18
41 75
21 44
82 19
108 56
61 10
58 46
157 52
139 46
45 1
106 166
84 3
82 58
27 90
56 72
138 74
27 39
118 67
91 98
92 75
186 163
50 67
160 3
2 93
46 89
96 106
110 62
40 14
96 187
160 141
25 44
77 39
28 90
29 45
1 161
69 29
56 45
48 45
5 107
56 92
66 44
5 39
131 118
14 107
98 128
108 47
140 41
27 36
134 104
40 105
64 118
182 118
19 75
19 107
108 9
73 55
19 179
134 105
98 50
73 3
49 218
120 135
36 55
176 90
12 1
143 145
125 44
32 118
78 69
90 48
21 99
10 42
90 33
69 86
16 64
42 60
169 108
42 19
25 9
57 3
9 86
7 8
118 66
96 2
143 109
151 145
69 37
56 39
2 22
110 7
110 114
160 20
103 59
47 15
39 12
76 145
143 68
63 19
22 67
127 47
14 108
30 74
5 33
42 114
114 12
84 54
133 147
34 41
33 155
171 3
12 46
78 123
109 5
55 119
71 21
115 128
21 41
69 20
8 15
104 120
67 31
14 132
75 99
15 17
54 102
110 140
109 75
127 67
5 114
90 16
24 97
77 132
140 35
16 31
73 18
93 98
64 90
31 4
42 127
31 13
12 9
54 135
25 31
128 7
60 55
6 69
109 40
61 102
9 5
77 83
56 143
61 9
93 50
58 155
4 92
90 71
74 123
77 23
101 21
95 3
6 64
20 38
56 22
12 48
21 69
4 60
14 86
4 160
74 47
75 111
36 17
86 39
74 38
22 112
77 86
22 42
2 66
117 154
133 131
62 59
114 50
110 17
144 83
66 6
31 3
19 50
138 219
41 21
89 39
38 71
48 160
49 3
14 54
21 125
37 69
12 44
27 103
4 165
4 76
27 31
29 179
158 145
14 118
127 60
61 5
59 16
27 54
92 60
78 85
74 44
92 100
77 92
52 3
18 89
35 100
30 3
203 85
80 19
10 52
220 221
133 25
55 89
114 10
20 98
28 146
118 93
39 4
73 14
78 145
80 72
139 52
90 86
27 86
21 31
125 3
89 129
22 54
140 26
215 221
118 108
31 132
9 16
140 154
29 173
96 104
19 39
118 95
186 158
49 26
29 114
96 13
8 20
28 59
75 66
63 128
183 104
157 65
38 21
55 165
141 74
140 7
41 3
15 33
96 120
51 72
90 85
77 19
60 56
111 48
113 107
27 132
96 60
58 5
44 67
32 16
77 111
132 14
111 2
67 45
69 100
13 98
55 17
79 65
94 145
109 16
77 46
74 80
144 10
61 18
111 9
92 15
203 3
91 19
4 62
21 35
23 55
38 28
19 133
160 19
42 180
45 3
125 9
23 105
22 132
15 85
91 20
31 44
11 69
71 86
97 0
144 13
134 130
127 55
174 166
27 113
50 33
197 22
78 111
101 113
195 187
100 18
25 71
150 52
164 187
66 2
42 179
128 26
45 17
103 48
37 26
63 110
108 155
19 72
4 72
33 15
24 132
118 85
98 21
11 125
118 105
34 38
92 44
60 54
128 11
27 5
181 158
158 65
128 109
4 148
16 50
79 48
46 155
70 58
44 89
4 219
56 60
222 170
69 31
58 33
58 82
12 69
23 100
111 66
28 15
7 101
42 14
69 68
138 35
21 16
14 138
7 34
139 72
133 50
105 54
47 4
74 110
17 51
125 85
27 2
102 2
127 44
92 10
20 10
96 123
161 29
80 66
20 41
39 31
171 100
96 45
61 179
25 17
69 26
63 15
131 103
5 15
96 86
78 52
32 66
77 74
115 138
114 179
74 140
143 10
131 52
42 44
7 4
75 107
110 15
114 27
138 140
80 1
71 99
144 118
16 113
27 148
45 44
66 19
93 56
19 161
138 86
101 128
52 179
135 52
23 77
89 55
62 86
189 1
74 83
23 12
74 72
60 132
17 83
29 113
132 74
33 39
69 16
60 76
31 17
71 6
14 55
37 34
14 47
111 22
49 177
168 113
4 43
143 9
108 107
42 47
56 14
25 15
90 92
65 90
93 55
108 4
78 24
16 72
28 101
79 26
113 19
140 109
115 21
47 105
16 118
27 140
37 62
132 107
90 8
28 92
73 134
28 46
14 45
42 3
23 132
23 19
4 16
29 98
25 62
56 98
25 131
69 24
27 64
127 17
98 22
74 46
101 160
39 14
35 133
203 83
175 85
75 109
102 53
31 144
19 21
138 113
210 164
28 64
98 39
78 106
155 52
125 24
186 76
131 64
125 19
21 66
176 16
80 199
27 48
16 15
80 107
55 129
56 66
9 98
92 55
21 34
114 17
41 8
10 5
49 1
10 3
143 58
60 119
4 119
5 143
12 72
113 55
12 29
118 140
22 100
24 31
25 48
19 86
45 73
30 109
29 27
25 113
181 104
96 163
76 78
66 42
31 155
168 19
86 22
102 166
74 22
165 68
11 118
55 54
39 105
41 7
118 109
47 55
14 17
143 74
27 60
49 8
96 15
14 31
96 14
51 46
83 85
48 14
61 83
109 56
11 128
76 183
55 4
69 8
31 55
132 33
32 105
42 58
58 3
63 72
6 50
103 118
92 74
155 189
4 89
64 75
22 99
118 2
23 66
89 92
75 100
12 79
174 95
58 45
8 21
110 127
25 86
48 115
58 105
144 113
51 28
32 3
96 89
89 46
12 55
126 159
183 130
17 100
38 140
78 72
23 10
19 25
8 103
21 50
10 74
39 89
92 98
14 24
183 121
44 1
42 24
21 100
60 73
97 65
19 138
60 3
39 85
47 112
20 146
62 8
5 19
22 21
64 132
66 89
114 108
48 76
104 121
21 82
106 162
11 74
33 42
23 125
23 108
14 39
111 55
50 3
127 173
132 45
22 72
127 72
55 2
94 81
89 1
14 40
105 135
69 12
138 41
194 193
143 42
33 16
19 91
184 174
23 47
6 82
20 8
20 66
58 55
109 98
139 66
75 119
29 11
110 38
75 141
9 100
89 4
4 107
132 12
20 92
42 55
9 107
42 41
15 83
51 33
92 89
143 23
74 69
170 161
73 132
7 51
110 3
47 114
149 159
39 5
25 35
106 3
77 52
125 109
136 1
109 42
75 98
89 95
10 20
89 24
96 94
32 169
145 192
61 67
133 41
22 94
59 140
4 11
60 42
19 51
89 73
127 132
38 6
171 72
60 58
108 95
74 75
47 3
55 33
79 20
110 105
189 165
38 103
118 98
4 26
19 31
38 41
26 79
74 50
6 55
45 127
78 18
4 56
78 15
140 59
12 40
25 69
96 55
60 98
5 18
128 75
7 21
9 12
51 16
128 69
5 119
75 20
56 93
119 45
77 143
140 82
125 131
132 56
114 24
106 172
11 141
144 17
20 4
44 99
144 98
90 84
110 138
122 52
12 27
19 46
128 21
58 83
98 86
118 119
121 158
11 20
118 68
48 107
171 89
74 62
19 42
70 69
5 67
55 9
125 15
25 133
74 99
0 53
108 33
126 196
31 72
19 83
144 3
143 118
48 113
42 17
90 155
21 123
69 25
118 89
73 159
96 22
12 6
75 86
127 16
31 20
73 36
10 109
77 38
101 41
4 17
19 152
20 140
62 48
110 69
128 3
5 89
24 18
3 72
164 174
59 98
102 1
42 74
14 5
27 71
4 83
48 31
37 115
114 144
6 48
21 71
132 20
111 44
59 95
74 40
18 17
77 99
38 47
118 141
131 20
118 84
110 5
100 45
42 51
19 26
31 98
16 127
27 143
78 16
125 2
127 50
94 18
36 3
98 134
109 18
29 103
5 3
106 94
56 78
27 58
28 119
73 142
21 10
4 21
35 25
90 142
118 132
40 17
51 3
27 23
27 15
50 45
64 173
118 33
93 47
113 4
183 186
69 62
31 39
93 42
18 44
131 48
25 21
61 89
74 30
74 82
13 165
50 98
27 42
48 15
132 5
5 22
21 19
96 65
1 122
4 103
50 21
14 42
135 186
77 72
32 31
23 143
9 145
90 125
29 21
108 24
8 26
28 42
92 83
27 46
109 113
27 83
29 46
223 52
35 128
61 177
31 89
44 3
125 67
133 8
76 162
161 49
73 60
21 37
111 93
61 155
42 143
163 183
197 48
27 19
110 82
31 40
110 18
132 192
160 125
69 165
140 3
138 6
80 89
70 52
49 113
8 38
144 24
45 55
138 7
141 90
111 109
64 92
136 129
4 46
74 84
140 114
160 72
131 19
93 99
61 98
148 179
59 72
92 4
74 54
19 155
48 61
33 152
114 134
76 104
105 18
125 113
20 138
42 111
75 44
170 222
76 120
89 85
28 45
143 155
144 18
31 60
59 100
157 73
29 110
161 174
58 50
28 86
19 1
38 8
128 63
64 93
21 133
110 173
91 86
108 55
31 45
14 4
20 71
5 77
28 173
61 143
106 134
23 48
77 4
12 171
59 8
17 54
19 200
44 100
111 42
143 2
75 177
168 72
38 74
31 10
28 52
143 44
30 72
171 83
91 15
74 39
188 165
25 72
110 20
64 42
33 24
38 51
37 79
201 113
9 93
7 110
35 48
4 18
45 18
102 157
69 79
29 109
100 51
75 50
11 19
91 22
35 29
5 56
144 123
19 128
20 74
149 218
35 4
114 54
23 62
125 20
153 224
99 83
4 221
58 150
5 9
167 161
12 16
58 18
18 3
140 38
139 18
14 21
135 158
55 99
90 64
69 115
110 8
132 55
96 17
19 38
90 14
61 17
90 75
92 9
27 10
111 45
20 17
28 41
36 39
28 8
6 113
20 34
48 80
126 218
104 183
12 83
47 108
74 155
110 41
14 66
91 31
0 117
32 85
29 22
126 1
145 157
66 22
59 17
111 100
140 115
38 59
3 52
90 15
125 60
20 118
90 83
31 127
32 151
12 62
37 162
26 4
48 101
50 113
143 50
