224
0 1
2 3
4 5
6 7
8 9
10 11
12 13
14 15
16 3
17 18
19 20
4 21
22 23
24 25
26 27
1 28
0 29
30 31
32 33
34 35
36 7
37 7
38 39
12 40
41 42
43 44
5 45
46 47
48 49
2 50
43 51
31 48
52 4
4 6
53 54
55 56
53 57
58 7
0 59
60 61
10 25
62 7
63 64
65 66
7 67
48 7
68 37
58 69
30 21
70 32
61 0
68 71
41 72
73 20
69 7
74 75
76 77
78 79
80 11
81 31
82 15
83 84
85 86
7 36
53 87
88 89
90 16
91 61
28 61
92 1
67 62
16 62
92 33
53 22
91 4
17 22
4 68
38 21
93 94
95 1
91 96
12 97
98 99
100 7
83 101
6 61
102 18
100 103
52 58
81 22
18 42
104 100
16 105
106 105
36 10
65 107
19 45
38 20
41 91
108 22
93 31
36 44
104 10
56 14
67 17
109 0
0 27
110 53
93 99
111 83
24 18
17 112
113 31
95 29
23 80
83 43
23 114
115 18
116 18
117 118
119 120
121 59
122 28
123 99
74 61
29 21
124 20
16 125
7 24
22 93
126 4
87 106
3 127
120 31
16 46
105 21
91 3
76 128
61 129
40 129
67 130
131 68
132 17
71 15
41 15
23 25
42 67
6 4
0 21
133 53
36 19
134 17
112 21
112 31
125 135
14 57
24 125
136 121
33 127
30 55
46 7
112 27
137 124
126 68
36 93
0 118
94 138
61 94
131 48
139 93
0 140
141 142
143 125
113 11
143 4
0 98
126 42
18 118
88 47
143 41
144 24
61 18
47 21
2 145
4 22
41 134
22 20
18 146
147 145
148 149
52 150
151 152
100 14
16 45
133 69
18 27
56 30
38 49
4 25
10 72
67 31
119 80
19 7
71 37
70 137
7 16
16 23
138 16
126 103
121 78
58 21
48 54
139 105
36 45
153 97
62 93
72 149
95 14
10 18
18 154
150 91
49 7
138 155
69 49
93 37
62 56
48 68
41 156
116 157
47 71
83 76
117 22
46 78
158 126
159 2
60 44
106 23
134 138
24 48
3 24
160 22
4 16
53 23
143 87
104 123
16 120
58 97
160 161
103 54
103 87
7 17
162 31
137 21
72 36
163 20
38 122
37 71
149 49
98 45
48 10
4 78
18 82
19 62
35 164
138 23
23 54
17 24
113 93
72 80
58 125
165 45
90 53
104 131
134 126
85 166
167 24
18 41
81 24
121 28
121 15
98 62
30 18
91 58
115 7
0 7
162 18
137 91
164 76
50 145
112 14
55 62
10 7
131 14
94 27
162 57
48 120
76 168
10 123
125 80
16 106
119 94
11 80
125 96
3 139
90 10
3 80
19 23
3 155
165 18
134 103
29 18
55 31
148 91
65 169
59 61
91 16
0 70
61 74
16 69
57 114
74 3
53 80
53 114
26 126
143 18
7 27
134 148
74 5
134 114
121 125
7 88
138 114
46 14
121 92
53 19
170 105
23 31
139 36
46 59
94 47
109 160
117 129
119 15
94 125
0 123
137 145
92 28
30 68
46 125
139 69
0 122
16 103
171 21
23 148
4 123
41 56
116 64
7 154
23 94
48 14
33 122
16 39
14 54
115 172
90 41
169 147
54 103
72 15
110 10
49 47
119 173
49 48
22 47
56 44
93 55
16 94
104 93
47 7
123 18
22 110
88 59
46 96
17 123
48 113
94 150
158 123
23 68
139 84
29 7
168 107
33 28
48 104
41 123
4 174
119 155
16 71
61 125
175 129
176 177
91 93
104 0
53 55
148 120
23 126
178 145
61 105
41 27
117 105
0 179
62 125
92 75
134 54
53 100
18 70
171 24
93 19
71 123
48 19
67 4
48 94
16 57
134 96
86 123
88 25
105 112
93 3
0 117
71 144
158 56
75 118
76 35
116 153
55 104
0 91
4 180
133 49
113 114
121 181
158 55
7 21
128 107
28 93
47 61
148 10
62 148
61 103
31 56
18 0
41 47
29 123
182 43
4 3
126 55
48 148
110 49
46 25
115 123
62 103
28 94
0 183
16 98
14 23
64 157
148 20
94 16
183 184
93 61
111 185
7 91
103 3
5 28
126 18
155 96
137 85
55 14
126 54
186 173
121 60
134 18
46 4
139 94
38 105
4 69
67 165
72 125
187 99
3 70
98 4
88 53
92 123
108 21
46 18
126 3
14 48
29 138
98 16
18 81
162 17
18 58
165 67
86 114
106 56
134 123
43 8
124 136
139 14
22 54
23 53
42 172
150 52
148 87
16 89
23 17
47 14
187 86
134 25
79 58
131 56
4 37
167 136
6 36
93 36
167 22
170 4
188 127
126 155
70 39
9 175
22 68
41 113
85 24
0 14
18 4
143 48
11 31
36 27
4 189
71 68
103 140
49 19
0 166
0 92
138 27
10 114
53 62
190 89
134 56
27 0
191 61
69 48
37 17
26 41
104 48
134 20
6 126
123 19
144 14
58 27
192 101
143 193
93 72
53 16
125 93
62 61
87 96
41 74
16 194
50 127
34 168
162 49
165 42
24 150
104 59
119 130
74 81
72 61
72 148
125 62
10 26
195 69
74 21
16 11
141 13
23 56
117 93
196 7
106 36
176 197
61 40
119 17
56 131
74 93
121 7
48 59
148 176
6 25
58 18
119 4
41 39
85 15
18 123
90 23
187 0
23 11
48 123
4 138
88 56
138 18
22 123
14 30
155 103
72 96
86 75
164 128
27 39
112 105
122 39
148 41
122 48
61 193
4 94
167 20
93 125
94 87
64 63
124 33
107 198
149 18
42 4
4 90
3 0
93 110
103 19
54 110
199 27
23 123
78 150
69 97
10 103
200 44
41 37
36 14
2 127
126 14
33 186
5 32
41 121
64 116
36 11
26 58
4 136
61 41
181 145
126 193
126 90
69 161
103 62
201 17
202 147
122 15
98 48
29 4
6 98
151 116
62 100
125 47
26 10
26 16
139 145
46 45
81 17
71 7
110 16
93 26
3 138
93 4
61 117
49 17
110 17
36 62
132 56
113 19
91 94
143 56
130 4
19 48
26 93
120 62
33 92
162 123
4 165
46 80
140 7
22 125
80 90
5 21
46 123
31 80
196 3
155 138
110 54
34 107
87 114
138 14
138 11
126 1
93 148
61 58
203 7
116 152
136 5
49 135
4 58
16 21
135 125
30 49
4 30
72 68
113 115
3 71
7 55
24 4
112 17
55 48
29 126
108 69
22 61
170 72
61 17
178 127
88 193
53 31
148 93
88 93
12 204
158 23
199 169
7 59
119 57
22 119
4 144
49 98
91 150
117 123
81 91
19 99
41 49
58 59
61 67
108 102
16 0
9 8
137 0
88 100
31 11
137 32
72 94
106 7
96 103
81 148
41 165
48 17
101 77
54 93
88 10
119 59
85 27
4 130
7 106
92 72
108 20
54 123
94 68
139 205
104 17
24 61
24 0
6 134
24 28
123 49
23 16
160 85
155 93
41 28
5 137
74 28
46 166
56 106
139 140
120 16
18 1
0 100
90 100
169 97
134 62
158 62
125 22
126 41
138 59
121 74
36 18
27 36
31 15
104 45
134 94
4 36
199 173
109 14
36 134
187 92
157 64
121 69
74 17
150 58
110 123
171 132
18 144
62 154
98 49
53 126
47 94
148 130
143 20
94 119
43 76
0 147
134 31
119 131
134 93
17 94
3 86
59 80
107 43
34 83
10 3
100 4
49 193
86 15
23 59
29 42
137 27
85 48
120 11
5 136
154 15
139 125
3 45
9 178
160 15
18 71
48 56
97 12
92 93
10 22
171 148
122 23
106 140
169 107
53 4
18 39
148 17
4 95
63 206
18 75
167 17
139 3
18 161
1 19
33 27
31 176
104 196
23 103
106 10
7 49
103 48
61 96
56 134
93 17
112 72
31 19
87 22
18 90
69 193
36 48
19 80
24 59
106 58
1 36
4 86
207 44
148 62
53 17
82 68
78 3
76 107
30 7
42 26
109 18
155 7
16 61
141 204
36 59
93 57
71 48
75 92
168 43
104 23
70 61
97 44
56 156
94 18
34 43
61 81
31 113
179 18
73 18
148 31
41 193
6 96
46 103
77 101
71 80
208 31
126 13
88 28
58 96
136 124
90 42
32 145
93 71
98 6
7 28
3 52
93 22
68 14
165 120
144 61
4 132
148 69
91 123
4 48
122 193
61 48
104 19
119 36
27 121
61 39
18 69
72 87
158 17
177 18
139 2
41 93
23 138
90 148
170 92
123 14
97 145
67 166
134 42
137 105
164 77
139 57
137 28
61 5
62 87
51 76
93 193
93 86
2 140
41 1
126 134
104 62
28 148
37 154
105 123
7 13
136 28
122 173
22 48
34 164
61 191
126 48
61 89
46 22
27 41
4 72
5 186
16 41
38 14
112 7
121 16
143 22
196 18
113 88
139 22
164 101
196 120
88 17
175 188
22 59
93 113
199 140
48 80
41 46
4 93
81 154
148 67
117 13
57 80
165 22
59 36
53 56
139 19
42 41
83 128
22 80
16 55
129 44
117 18
148 88
5 121
209 61
158 103
14 155
0 22
137 127
69 45
205 139
4 170
93 41
76 83
28 18
122 33
136 21
33 173
192 84
176 56
93 103
14 62
71 4
10 106
61 104
82 39
126 123
81 105
41 141
4 17
72 93
3 121
31 55
203 123
210 151
53 88
143 10
187 58
3 103
37 94
160 69
14 103
53 123
83 107
41 5
16 118
126 45
92 87
150 3
160 7
71 154
123 45
113 56
53 39
53 110
203 94
16 104
116 50
16 1
41 138
108 59
100 48
23 49
176 31
72 193
10 19
62 19
68 7
28 21
48 93
23 90
94 78
104 67
16 100
18 21
32 47
24 118
122 70
126 94
36 53
143 93
3 150
82 7
165 7
67 7
61 122
153 64
42 62
64 50
91 105
53 99
14 138
96 13
26 3
91 28
23 176
5 105
185 111
0 36
119 55
94 99
80 176
116 174
74 92
93 45
10 27
174 127
38 7
0 61
119 87
88 62
88 113
41 131
119 48
3 49
121 123
16 24
18 130
75 17
207 13
126 22
148 59
81 71
67 6
37 22
5 61
81 94
82 21
107 101
53 49
46 48
4 156
134 120
33 44
72 22
130 1
122 17
12 129
41 55
71 88
121 5
29 17
22 4
56 193
55 87
4 75
3 61
112 94
147 199
48 69
134 1
4 18
95 17
144 18
171 193
134 71
162 103
60 18
159 127
19 88
60 121
76 111
35 34
100 31
138 41
76 211
0 75
58 173
94 10
10 14
94 61
100 3
110 134
61 92
37 62
95 23
59 93
69 24
122 20
58 28
0 74
22 26
121 86
126 104
91 72
148 90
46 19
160 121
58 79
195 173
74 18
197 48
93 67
80 123
67 36
56 41
88 20
14 17
174 116
50 116
139 98
209 4
4 32
16 31
94 123
58 17
212 55
76 43
58 13
209 18
67 18
23 45
134 15
48 15
69 59
91 70
18 171
104 99
0 30
61 59
143 148
72 114
16 91
133 161
56 45
103 49
93 123
148 25
165 30
33 18
92 18
17 47
152 64
41 81
48 55
213 15
23 125
53 48
53 11
6 67
88 49
106 25
175 178
140 139
106 48
93 25
110 148
85 87
93 48
94 56
136 4
0 47
103 16
123 69
104 110
134 36
16 134
33 74
53 90
103 58
61 70
0 169
3 196
85 114
30 54
10 113
19 71
72 81
104 69
14 11
30 62
72 14
100 28
6 148
214 129
164 34
7 148
165 87
4 57
213 45
16 72
212 16
61 47
117 7
187 7
94 14
215 43
81 56
194 79
78 91
110 18
23 130
103 45
139 48
100 6
187 93
0 17
41 59
126 67
14 71
4 71
98 15
27 94
79 129
10 67
106 16
56 186
18 31
112 61
37 123
71 18
33 22
121 61
165 17
56 62
104 15
16 53
125 78
67 155
4 0
134 23
93 100
106 45
175 9
74 70
19 89
46 105
148 143
137 5
133 80
139 58
88 44
134 216
81 123
64 127
70 136
171 93
155 3
187 49
131 126
148 156
17 7
56 55
214 12
58 62
166 21
120 56
2 97
72 4
137 18
15 17
3 40
125 14
120 19
120 54
134 110
78 58
62 10
41 36
47 90
151 50
74 105
134 7
94 59
18 37
126 59
138 7
162 36
122 37
30 166
136 15
55 30
171 20
140 2
61 62
22 30
98 126
108 72
24 123
28 1
23 61
214 145
143 103
177 31
123 28
134 26
3 104
123 103
16 47
134 4
136 32
61 100
187 52
196 104
88 104
111 43
12 145
197 15
71 31
18 45
46 61
33 5
14 131
41 99
18 88
88 36
148 23
74 97
80 10
16 22
46 16
23 88
210 63
3 15
48 98
120 99
16 87
216 197
16 7
10 59
72 37
126 100
123 59
67 119
110 193
111 107
121 149
162 59
23 19
106 31
22 103
175 2
67 48
97 0
152 63
16 140
121 24
58 91
26 134
106 203
155 59
69 14
58 61
16 78
88 55
69 78
94 126
3 87
57 148
119 125
3 100
151 64
72 104
149 0
81 20
7 14
22 149
30 48
134 197
70 124
17 166
81 61
165 90
167 135
7 90
154 138
123 17
181 44
3 14
79 96
10 17
167 140
3 123
160 203
18 132
10 36
88 198
115 17
60 1
5 70
63 127
41 29
69 18
48 138
123 37
93 62
94 91
27 21
126 80
81 25
131 7
92 79
15 154
112 39
194 1
28 0
16 93
19 31
148 57
4 116
143 26
78 0
16 48
1 121
46 58
58 186
36 80
124 127
6 123
7 93
158 18
0 97
0 72
62 48
24 93
61 80
73 93
33 4
41 62
53 193
104 16
139 199
3 199
4 155
6 16
86 18
69 58
5 27
22 87
208 177
176 148
143 36
125 72
60 8
170 28
41 67
16 90
93 27
37 14
124 13
169 12
112 123
1 0
96 44
7 18
58 196
148 193
46 28
67 126
6 49
56 11
7 46
80 54
70 145
100 36
94 7
174 206
86 93
61 209
148 86
126 62
0 125
0 121
6 57
120 59
113 7
81 121
37 27
16 166
18 30
207 129
137 17
2 175
124 21
203 22
0 12
152 157
106 47
17 121
33 21
93 47
18 134
46 17
121 4
41 17
47 18
129 127
30 22
30 148
4 85
61 97
62 45
22 161
176 7
90 4
59 7
41 114
27 26
125 27
56 93
62 6
199 3
60 48
138 26
28 7
95 31
7 22
72 21
136 70
210 64
134 22
18 48
185 43
82 18
147 169
24 16
59 10
185 145
4 28
156 204
141 18
165 134
116 151
123 148
203 18
41 88
18 85
22 69
125 28
4 137
134 193
47 105
56 173
0 3
0 28
213 7
0 105
14 55
24 140
3 7
139 7
81 21
26 18
80 7
88 18
152 116
94 46
58 55
133 58
22 17
159 217
6 31
41 148
4 117
61 14
134 88
134 113
56 215
123 21
4 148
85 148
214 40
69 17
138 80
150 16
16 49
123 27
119 56
4 88
62 14
126 87
119 23
1 61
53 44
147 202
121 140
7 74
41 21
18 170
16 114
4 103
106 87
150 78
0 4
93 119
95 103
95 93
138 29
7 218
143 62
126 49
5 127
98 125
24 49
53 134
148 27
125 193
6 90
94 93
60 0
7 15
134 10
81 18
157 151
121 3
143 100
90 6
98 47
143 49
32 44
70 77
49 125
138 154
41 71
108 49
91 59
95 59
16 113
41 4
138 104
0 99
80 61
108 24
72 28
0 160
7 80
61 60
72 105
151 210
16 148
41 18
123 87
66 219
18 5
10 54
7 48
210 157
122 72
12 44
29 41
126 26
41 94
15 48
41 75
3 140
58 93
37 68
36 104
158 49
30 14
143 0
67 134
119 27
200 20
110 104
19 59
134 14
217 145
46 133
100 90
134 141
152 151
4 126
61 115
27 58
3 67
62 88
41 96
0 25
87 14
141 156
117 27
0 69
4 74
78 69
17 21
0 93
43 168
149 125
41 58
48 132
91 22
6 53
106 53
204 156
4 62
58 49
121 17
71 17
72 67
56 17
4 81
41 53
136 39
157 210
42 90
41 69
10 57
113 6
61 75
0 62
61 22
98 7
0 60
4 102
76 164
53 7
122 7
138 67
56 23
23 36
42 126
114 86
6 10
148 24
27 184
50 64
108 17
164 35
104 72
95 130
119 0
58 52
26 78
91 27
134 27
148 48
92 17
49 87
8 172
10 4
23 95
19 113
93 53
4 23
28 20
12 173
4 41
83 164
152 210
67 45
148 119
55 7
176 4
32 21
169 127
14 56
113 67
170 75
103 96
120 196
85 3
207 186
123 24
85 62
68 55
41 85
110 4
41 26
31 14
110 22
16 19
123 54
41 196
43 107
143 31
148 15
3 62
37 125
126 93
5 4
18 15
19 36
61 27
58 139
41 0
95 126
94 49
126 69
180 4
143 45
53 203
3 92
41 104
58 94
187 91
71 61
31 154
112 18
125 94
116 2
151 157
18 193
75 18
72 62
136 92
22 55
85 7
6 48
132 23
4 104
61 93
74 129
7 56
72 16
121 0
85 93
12 199
48 208
23 89
121 91
72 58
122 18
74 0
41 105
61 144
160 14
22 31
7 61
92 149
134 48
0 39
147 97
8 60
213 14
22 105
137 123
148 103
167 18
151 206
100 155
120 45
125 112
201 122
48 103
139 59
144 123
3 91
134 41
123 36
70 33
177 176
138 94
104 88
58 15
10 104
100 11
148 30
88 67
195 59
121 118
23 57
195 74
53 15
28 91
7 123
208 48
43 164
126 96
4 47
113 62
167 47
149 69
19 93
136 33
48 30
181 2
94 139
208 176
97 127
23 6
28 37
176 11
167 92
0 18
33 61
171 49
16 88
16 130
1 126
16 18
88 45
80 15
91 100
0 94
74 7
136 20
199 40
4 203
143 134
56 138
131 154
137 118
98 123
122 14
90 80
160 58
158 93
94 62
87 119
28 105
23 14
162 96
93 23
143 141
88 71
134 165
164 168
24 17
94 96
165 123
212 8
26 138
108 123
154 31
133 22
113 23
58 78
134 90
93 59
54 10
1 7
140 48
187 17
48 31
74 145
1 60
123 22
143 27
54 193
18 160
120 23
124 70
119 28
63 157
63 151
100 93
41 11
169 173
72 49
27 17
10 99
53 59
41 23
117 4
61 121
147 127
38 17
134 86
158 7
147 44
93 7
38 93
113 48
7 100
104 193
4 209
46 55
48 62
195 0
143 14
51 43
157 63
41 120
53 18
92 118
4 10
37 93
169 79
28 166
14 7
7 58
68 48
41 20
155 48
41 126
126 19
48 36
203 17
58 4
4 54
37 30
19 55
37 72
67 148
1 18
48 176
136 18
166 18
7 144
7 57
16 28
33 70
119 96
95 56
17 161
17 25
137 4
33 137
62 71
100 67
129 40
88 69
135 62
14 10
12 127
6 62
88 6
122 24
194 59
24 86
117 47
48 90
19 120
104 80
7 68
0 78
138 3
139 0
18 166
72 110
47 58
162 114
136 129
7 71
171 22
138 17
6 71
117 91
109 159
109 99
123 93
187 24
56 120
80 59
23 156
0 79
180 174
94 140
81 103
209 17
41 80
94 41
3 125
64 152
148 6
95 166
47 121
158 203
85 155
51 34
18 61
51 8
133 114
95 123
81 62
7 94
170 18
0 37
137 61
124 129
168 164
116 4
6 23
23 22
67 15
58 103
93 0
23 4
3 169
4 27
104 3
41 189
123 16
23 132
19 114
134 177
41 45
117 17
104 114
19 193
91 47
7 103
93 49
18 112
167 21
109 69
119 19
88 15
211 83
49 62
160 92
73 105
176 15
37 59
171 17
12 20
67 138
123 78
213 93
210 152
36 196
23 166
58 19
28 46
108 18
61 72
122 166
23 7
67 14
48 11
61 170
7 30
117 74
37 91
0 86
121 97
112 22
106 27
53 26
109 4
51 107
133 59
141 134
94 17
48 45
19 44
148 110
1 123
16 27
138 95
57 193
143 15
19 123
119 148
139 97
95 49
63 189
178 9
148 7
88 48
63 210
7 25
80 113
158 193
113 120
5 33
6 88
4 161
13 142
43 34
58 36
119 103
92 70
56 7
49 93
61 91
177 208
18 28
119 154
16 58
3 26
54 7
109 70
62 96
63 152
0 144
174 4
160 4
170 24
114 93
93 80
85 4
92 40
48 96
16 10
58 3
33 13
93 112
23 93
47 31
18 126
136 105
12 45
0 31
218 7
137 24
91 17
134 130
160 166
134 6
144 22
49 0
7 78
2 139
134 13
12 186
119 7
121 58
22 7
4 29
58 140
18 72
139 4
14 22
19 96
7 62
75 0
104 103
88 46
22 112
125 98
47 17
110 7
34 76
14 87
87 7
38 18
97 186
67 88
168 76
72 54
126 23
23 62
92 124
87 123
33 136
144 71
112 93
18 74
0 119
126 25
123 31
0 41
121 129
139 67
122 93
110 59
56 88
23 48
22 21
37 24
136 137
86 28
95 18
195 49
177 14
53 10
160 24
104 138
164 83
81 28
123 15
0 199
138 96
82 24
76 215
7 54
78 48
95 7
117 46
126 27
92 69
6 119
122 27
100 56
176 99
85 17
123 56
46 121
72 7
91 122
106 17
124 5
4 31
48 4
16 123
38 22
182 77
36 193
126 130
181 175
33 39
104 96
81 4
148 113
41 119
27 61
98 93
41 218
41 89
18 119
196 16
4 61
126 36
197 216
93 88
139 49
22 113
14 93
137 39
23 30
41 61
80 57
65 154
72 103
189 4
165 49
4 70
169 0
62 55
121 93
124 32
58 39
56 132
53 14
211 101
61 21
0 16
19 154
155 4
123 72
162 7
58 14
58 161
4 154
162 87
0 58
19 56
97 79
16 110
108 93
88 123
10 88
90 134
71 62
119 14
120 134
7 11
56 18
4 105
65 40
52 16
48 110
88 26
143 123
47 27
87 57
45 19
93 104
3 59
33 105
134 98
36 88
61 69
82 17
97 2
144 7
109 127
181 188
7 19
10 31
4 7
22 193
165 4
28 123
122 21
162 45
104 25
103 81
53 93
3 27
23 18
33 124
220 145
24 130
94 134
50 153
140 199
134 11
106 113
129 145
47 123
71 93
201 105
98 30
72 91
94 112
92 0
16 138
74 4
137 33
32 121
110 80
16 99
16 4
37 47
16 26
123 7
184 183
10 48
141 20
119 10
3 36
138 196
94 37
148 126
5 74
105 13
7 3
125 119
74 27
94 22
100 10
92 86
197 31
4 91
41 87
104 18
87 49
169 101
70 5
112 119
95 138
158 48
169 202
1 130
148 133
120 48
68 93
62 42
81 0
138 48
4 193
64 153
41 90
189 41
140 31
157 152
138 134
61 71
7 98
35 76
143 19
119 112
14 18
160 18
4 100
7 10
41 154
134 49
72 10
92 139
4 134
3 133
67 93
121 75
141 193
14 47
140 22
134 53
178 181
10 49
95 4
85 21
58 22
11 48
205 145
187 123
212 123
126 114
23 106
14 125
94 72
126 24
62 23
24 75
18 122
176 48
26 42
182 51
137 70
93 30
17 69
177 56
126 85
23 113
123 67
176 208
112 62
126 131
143 53
92 150
126 10
136 127
46 24
113 80
83 34
137 136
46 114
64 210
48 58
5 39
131 36
97 221
126 98
37 46
27 80
28 125
81 27
141 101
10 80
16 6
18 149
62 27
16 126
131 49
92 61
134 67
167 93
176 80
68 22
81 15
95 67
52 78
164 43
15 31
105 91
104 49
32 18
125 61
0 5
12 142
41 176
83 168
158 31
114 113
85 123
6 11
55 93
37 61
67 96
74 121
28 39
12 101
132 48
175 97
129 97
179 145
50 2
108 105
85 57
48 18
138 4
71 59
132 18
55 68
176 86
91 7
119 68
24 149
41 10
61 118
67 23
207 40
18 49
19 15
126 53
49 103
18 29
23 67
95 15
10 110
72 20
121 72
61 4
160 75
18 47
174 180
106 14
3 78
153 173
122 47
23 120
58 26
8 43
80 93
187 14
110 93
97 129
196 4
106 59
140 16
12 169
94 31
87 45
144 15
161 49
119 193
7 105
50 174
61 7
61 36
58 89
126 89
187 69
58 48
54 22
72 48
8 196
213 69
47 62
18 209
145 217
119 100
117 0
139 16
69 3
74 33
123 80
22 49
139 127
36 31
61 3
141 143
7 45
41 7
103 10
203 24
91 37
118 18
18 68
93 114
28 193
56 48
49 114
41 14
100 88
187 18
14 119
134 59
148 131
95 80
122 91
4 107
65 129
18 17
80 48
0 68
103 1
79 97
4 26
119 6
117 5
4 110
138 49
17 14
158 45
78 26
24 7
14 203
104 11
47 125
160 86
126 56
113 14
28 22
72 46
139 45
85 18
170 21
18 94
54 80
174 173
56 15
138 36
5 13
28 70
93 10
6 113
81 80
43 185
140 150
169 199
104 61
201 21
148 85
139 114
134 55
82 105
36 61
18 7
58 98
27 18
166 14
23 41
42 134
86 45
120 113
22 159
0 161
106 61
46 93
121 21
214 101
126 31
122 69
18 86
73 17
214 127
106 62
4 166
24 58
94 0
7 47
42 16
72 59
196 138
90 113
187 87
147 27
64 151
126 148
5 124
94 58
158 14
28 17
47 24
69 149
178 222
22 148
15 123
76 101
143 99
58 150
70 105
113 148
4 39
101 107
160 123
18 105
123 61
7 115
30 71
119 186
93 54
56 123
177 48
134 19
126 165
33 32
7 31
93 96
67 25
144 166
72 123
134 176
148 22
214 169
138 15
49 149
46 0
14 166
93 14
76 34
18 93
148 4
138 123
126 7
14 68
117 61
41 86
105 121
138 31
26 53
76 156
139 68
167 125
148 18
140 3
108 7
41 57
176 19
119 22
10 62
47 93
4 42
16 161
48 131
22 19
3 4
98 19
106 90
161 140
36 131
123 4
41 3
119 25
90 67
134 61
121 79
90 7
6 17
74 123
29 95
139 96
119 31
48 16
3 16
67 90
214 44
138 56
136 145
103 99
162 67
71 41
121 27
94 193
37 169
53 27
61 6
108 193
67 100
167 149
58 16
1 41
22 94
16 196
79 0
81 47
109 145
31 7
61 203
110 48
50 206
7 87
30 98
46 92
171 18
88 87
174 2
82 193
6 93
106 93
177 11
53 36
137 92
80 20
126 16
169 44
72 135
79 59
123 3
16 36
46 62
17 93
71 47
122 94
218 80
86 92
107 84
23 87
18 22
148 49
117 28
81 7
115 61
18 23
48 67
16 67
86 7
88 96
155 99
90 126
4 112
110 72
134 80
90 61
126 138
16 121
121 70
48 88
143 17
148 198
171 10
119 93
66 65
93 56
105 61
19 13
10 193
165 126
46 31
123 0
98 14
24 21
3 31
74 118
138 68
123 91
18 136
151 40
121 18
71 27
4 196
104 14
48 99
91 135
18 91
92 5
121 57
7 113
95 55
0 71
48 23
134 99
28 4
26 22
29 27
61 112
100 62
0 81
203 92
170 61
90 47
86 17
95 88
27 7
121 1
126 99
119 49
3 18
4 122
158 67
37 21
160 17
16 59
30 93
41 130
58 100
93 87
134 16
16 14
68 30
187 16
14 123
93 18
10 119
46 127
162 120
95 131
43 111
178 223
168 34
48 177
80 31
88 19
80 193
72 71
59 48
162 48
1 67
71 30
18 121
56 31
67 42
61 90
126 29
46 67
41 155
61 123
4 1
1 4
171 123
92 140
4 33
46 88
117 186
58 47
61 31
175 181
41 16
72 57
214 199
3 58
75 28
7 96
41 103
134 45
22 36
117 24
16 80
123 58
165 158
0 170
87 19
12 3
62 31
138 126
119 45
122 61
10 96
203 166
123 48
91 52
196 36
52 3
10 93
144 93
8 18
94 28
97 40
3 55
104 126
165 24
4 67
147 186
22 18
161 139
83 211
14 31
124 39
19 87
87 13
125 69
126 17
0 24
4 119
10 23
19 11
28 72
166 17
50 151
19 25
212 7
119 67
0 209
194 16
165 41
124 137
6 59
82 30
18 24
4 55
22 106
27 47
0 85
175 127
41 19
81 93
207 15
71 14
23 3
122 22
4 24
94 48
92 3
164 107
221 97
196 58
122 4
187 140
41 135
22 10
148 166
94 203
178 175
49 99
