226
0 1
2 3
4 5
6 7
8 1
9 10
11 6
12 13
14 15
16 17
18 7
19 20
21 22
23 24
25 26
27 28
9 29
30 31
17 32
33 7
34 35
36 37
38 17
37 39
40 41
18 42
28 43
44 33
45 46
47 48
26 49
50 51
52 53
54 37
55 9
56 57
58 59
60 15
61 62
63 24
64 65
66 62
36 38
67 1
68 69
70 71
72 2
73 26
61 74
75 76
69 47
76 77
78 59
79 63
80 39
81 62
50 35
82 78
79 83
84 52
1 85
17 86
56 49
9 66
16 87
62 88
89 44
90 91
16 92
93 37
57 22
85 37
94 71
95 46
96 82
97 59
98 99
100 88
32 51
101 19
48 102
9 3
4 1
100 94
11 66
103 104
48 105
106 107
108 39
0 37
109 26
34 110
111 100
108 37
8 37
81 17
112 13
113 114
115 20
41 94
37 74
66 116
117 71
66 88
50 39
78 118
5 15
119 120
121 122
80 24
36 32
84 20
123 124
88 124
96 44
69 53
125 126
39 51
119 29
127 128
129 130
131 31
57 104
100 132
102 39
133 37
92 134
87 42
25 95
82 69
9 63
121 135
68 53
91 41
11 89
26 127
60 136
60 62
137 16
138 110
2 139
84 13
135 136
58 13
95 49
82 48
70 140
91 140
47 62
72 69
91 83
104 118
104 65
141 142
73 72
16 13
45 143
55 94
75 49
80 96
110 95
98 144
145 77
61 1
81 13
44 32
98 72
135 78
62 66
4 37
78 104
134 146
47 1
73 64
147 60
148 63
55 1
28 143
134 149
145 46
12 1
28 42
33 51
150 102
1 37
4 134
32 80
18 138
16 120
151 59
90 71
81 0
152 70
91 153
154 13
45 155
91 15
55 53
147 89
16 98
48 156
151 53
55 77
38 64
2 59
120 5
80 19
72 93
86 7
64 24
131 157
158 159
86 160
76 71
161 88
35 88
21 162
100 64
163 164
112 96
55 45
40 161
140 91
165 16
85 15
9 88
72 35
66 160
90 41
4 23
166 149
161 31
167 119
28 22
115 12
94 124
26 103
48 33
168 83
120 78
119 61
46 117
169 170
112 53
149 16
21 170
16 165
165 55
145 171
60 2
36 93
172 24
14 2
124 173
80 88
150 24
174 66
137 65
66 119
125 73
76 31
73 77
175 104
106 31
93 73
91 22
20 42
105 104
138 176
61 53
93 86
21 177
98 130
105 120
178 116
44 96
82 120
0 50
27 179
95 65
28 113
165 144
32 84
32 150
62 180
130 42
91 169
79 49
14 37
81 58
110 171
52 181
174 138
147 119
137 129
36 5
182 183
98 91
48 80
57 184
96 85
26 77
98 174
9 149
16 20
19 52
176 182
57 177
71 117
27 127
57 79
49 37
57 26
19 0
68 19
22 31
102 37
120 69
73 185
75 186
138 88
158 15
90 42
9 60
149 146
36 187
61 129
47 66
7 188
145 177
178 143
108 188
112 1
120 162
87 153
18 70
169 94
55 109
104 129
165 59
163 119
174 72
6 189
81 32
60 73
113 37
67 42
169 27
169 137
138 11
138 126
190 191
43 148
26 128
36 53
76 155
55 29
52 32
192 123
68 105
48 193
120 35
46 194
0 195
189 80
148 43
115 180
196 156
197 19
149 92
18 37
120 82
108 1
61 119
72 32
78 180
138 198
115 19
36 89
189 33
54 16
142 198
199 21
105 86
9 91
22 116
174 13
90 49
12 53
91 193
79 179
62 147
78 46
200 131
72 37
36 81
183 182
21 83
172 111
27 11
32 33
45 76
141 75
94 179
58 181
137 37
80 188
138 39
138 165
177 63
158 122
78 32
147 86
129 168
33 15
134 23
95 31
135 51
66 180
86 195
60 24
55 38
86 53
201 202
0 89
83 110
170 88
37 1
9 55
130 203
204 65
93 29
128 31
67 68
81 53
26 65
44 15
136 19
163 53
78 38
98 15
6 12
45 22
124 88
89 69
141 109
64 126
136 2
126 45
47 160
78 162
98 128
95 63
93 17
21 45
141 198
78 126
187 59
47 73
60 115
160 19
204 175
126 22
69 85
75 128
70 77
48 108
61 81
59 187
165 119
145 63
145 75
48 60
26 41
3 199
0 69
6 38
95 128
105 85
4 36
153 202
19 32
174 62
160 29
90 77
139 2
45 70
1 29
82 62
119 147
78 123
129 184
173 182
91 179
20 85
86 38
66 7
136 85
153 72
28 129
67 147
120 188
111 194
137 74
45 194
69 195
205 22
94 76
6 143
5 85
141 88
140 24
150 195
11 27
135 166
137 169
138 103
203 46
68 86
196 188
140 77
26 130
132 109
145 155
117 22
66 159
145 88
45 117
69 20
105 48
86 89
112 195
38 167
206 149
169 46
70 42
91 57
47 38
57 142
79 31
0 82
197 39
9 137
9 18
129 202
147 53
23 37
207 83
60 82
60 147
89 86
131 88
54 206
79 128
66 47
30 64
150 82
160 62
208 37
192 183
20 13
204 31
81 19
6 26
62 37
147 66
22 192
81 105
116 113
175 103
105 159
91 92
122 188
105 103
53 32
120 39
47 32
140 127
91 27
209 159
126 178
93 85
33 13
147 47
161 111
48 12
55 26
91 110
143 88
39 129
30 110
48 96
4 188
171 88
156 196
9 87
94 88
192 117
119 35
163 52
0 85
11 98
16 33
33 53
48 136
47 119
92 16
57 49
10 2
138 182
67 29
78 195
77 210
1 88
67 78
208 62
78 58
211 201
195 36
11 7
0 44
44 68
136 61
78 29
89 112
125 138
134 24
119 112
50 53
67 59
26 35
78 65
57 198
198 35
44 1
183 173
208 154
37 85
80 7
147 78
150 86
34 122
165 138
37 52
120 157
86 44
138 147
78 17
145 183
91 210
88 155
138 64
176 46
72 51
138 146
9 65
148 46
5 24
109 157
38 48
57 175
38 15
120 19
82 85
120 66
116 143
69 150
38 37
86 61
120 72
56 144
98 87
181 7
10 24
86 47
6 53
146 3
27 71
98 65
45 90
174 60
17 192
80 5
81 15
150 212
169 26
38 22
63 41
97 1
78 119
45 157
9 160
84 48
68 47
194 176
139 134
4 59
79 109
145 130
160 97
12 66
204 42
95 57
131 110
62 29
44 80
26 110
128 94
36 55
115 47
120 48
48 7
93 5
135 188
163 24
70 26
189 47
96 73
91 37
17 96
213 41
52 17
56 104
160 12
106 127
120 42
108 29
149 77
28 157
21 71
45 140
204 117
88 109
14 52
131 121
175 88
120 59
10 77
80 62
61 29
167 81
165 24
189 154
192 24
122 198
90 164
142 26
120 108
214 206
119 37
16 32
145 76
38 55
95 35
57 72
72 29
38 78
172 157
0 53
85 1
38 60
88 192
105 136
46 157
67 19
189 62
48 116
120 13
78 60
4 96
60 11
52 1
125 113
113 143
92 54
89 64
169 70
16 59
98 35
28 173
132 41
97 160
48 32
176 37
0 38
172 88
105 81
106 71
95 94
73 116
140 98
34 63
122 121
26 168
81 167
112 72
115 55
163 15
0 19
21 88
68 37
78 215
95 7
62 11
20 1
15 1
33 36
98 11
108 13
147 6
17 162
82 162
30 53
127 88
198 118
149 206
137 62
81 93
90 209
165 72
78 86
117 46
138 216
120 134
48 39
177 88
61 39
26 71
78 1
119 85
142 141
131 117
60 38
150 136
9 177
140 71
203 168
73 1
217 53
93 15
88 49
197 53
44 84
122 130
2 134
73 169
21 110
174 37
78 114
169 110
169 9
97 53
119 187
16 60
48 84
60 1
93 130
86 102
26 83
119 84
45 63
16 81
78 150
19 112
104 198
27 123
84 96
119 60
19 85
119 208
120 144
181 19
117 134
26 179
11 170
36 85
39 165
55 129
9 26
136 62
163 0
55 66
31 157
213 94
140 141
139 157
55 76
28 37
72 153
80 65
86 147
181 29
30 114
138 3
58 53
14 29
163 8
69 0
13 59
64 22
61 147
132 114
107 88
93 212
26 142
72 85
53 1
86 150
62 68
128 63
6 64
181 17
147 59
203 124
8 88
45 148
163 37
140 31
136 29
105 35
33 80
73 37
218 156
4 88
130 186
93 82
26 43
4 15
66 123
63 88
163 181
55 36
161 117
106 88
160 53
195 32
137 138
90 7
57 162
108 96
168 88
104 35
119 88
117 194
136 150
158 53
30 88
10 37
56 63
9 153
138 149
46 88
153 87
96 16
96 206
160 1
73 19
0 68
50 37
169 55
91 170
36 42
66 143
159 173
145 123
141 199
78 15
6 144
16 96
174 29
79 41
119 81
115 62
11 184
11 62
90 159
86 112
9 174
36 15
44 20
173 24
84 147
177 41
112 98
9 159
73 181
134 37
95 110
86 52
61 19
130 71
91 26
84 74
80 162
53 37
9 130
78 89
183 194
3 88
62 59
57 77
78 96
16 72
153 198
120 20
21 77
47 13
45 179
84 97
198 117
169 91
33 55
73 22
82 67
36 119
115 215
55 73
117 24
65 64
84 15
84 32
158 69
86 120
74 88
128 76
161 40
44 156
167 1
140 170
16 214
108 59
91 138
38 147
166 37
89 15
47 96
48 93
207 49
78 9
130 94
146 92
14 62
186 26
56 162
129 127
94 77
60 77
70 193
207 164
26 162
115 1
47 20
141 31
105 24
73 27
106 26
9 147
165 19
73 113
77 24
69 59
86 136
77 149
78 71
119 115
79 71
9 1
150 151
84 119
20 208
17 181
174 128
113 22
113 117
78 53
20 33
13 154
105 59
176 10
119 96
72 73
140 56
169 56
18 184
91 171
150 85
120 85
98 41
111 123
124 182
138 157
160 174
119 136
165 15
27 128
138 55
181 0
75 88
97 208
33 181
0 13
91 149
56 52
67 85
55 177
33 115
189 89
150 17
94 157
62 20
25 157
12 15
53 39
75 63
79 76
136 53
160 66
120 3
60 9
163 136
136 78
60 108
22 113
6 63
78 129
80 48
145 56
32 50
55 188
150 47
119 7
38 62
34 22
169 63
195 69
69 15
10 139
98 137
93 24
56 35
105 39
89 66
141 157
213 98
52 118
87 162
150 29
6 71
122 46
20 69
38 12
68 147
143 64
0 119
174 63
89 167
147 84
47 86
210 77
128 155
129 39
139 10
212 1
88 148
86 13
67 51
73 15
163 192
91 31
190 164
52 47
170 130
117 65
74 65
86 12
60 69
86 78
165 28
117 3
112 33
153 144
36 1
120 105
48 201
169 140
9 214
6 159
155 63
123 194
136 33
172 94
50 1
214 72
1 24
214 9
100 172
138 190
165 42
91 175
120 80
119 15
115 66
78 192
48 143
207 177
165 159
109 110
134 3
153 16
80 59
73 174
16 84
105 119
48 59
72 13
82 72
207 42
101 53
139 37
21 90
117 141
27 75
138 206
48 1
28 117
56 155
169 98
150 120
95 175
117 88
86 82
26 63
27 169
39 153
0 147
76 117
73 47
140 35
18 88
86 1
166 196
119 44
163 47
19 181
66 86
96 36
140 45
202 129
96 119
157 46
3 85
48 208
78 84
119 6
17 19
189 69
184 64
168 31
9 202
132 128
87 98
86 80
78 121
130 162
76 177
119 163
52 51
60 193
73 17
190 37
17 72
86 20
137 19
73 9
213 88
189 1
12 96
66 12
151 1
60 164
87 16
83 31
24 157
120 147
135 121
60 33
117 7
11 130
40 117
87 144
129 109
108 15
23 134
9 27
143 22
90 202
61 13
46 192
105 37
176 164
33 48
93 32
192 194
27 63
98 113
167 37
168 24
69 96
40 22
44 69
62 96
129 209
143 117
105 134
17 53
197 15
169 144
97 86
82 66
145 79
55 44
28 41
47 17
48 119
115 15
176 162
138 137
38 1
109 41
63 157
38 84
185 162
26 175
96 69
24 85
82 53
140 175
9 92
36 19
66 108
47 85
138 181
60 162
130 164
97 156
213 71
146 134
100 24
203 31
137 2
9 71
45 178
101 0
98 59
143 123
33 89
9 54
57 63
86 55
86 24
139 88
167 44
62 53
150 37
48 188
105 15
44 82
204 184
130 128
81 150
115 156
138 19
130 7
19 104
26 184
191 138
9 98
98 70
48 62
120 2
174 59
61 135
4 47
89 22
75 130
80 20
176 194
140 26
101 37
105 6
60 150
123 173
150 2
79 77
166 29
98 146
195 167
98 77
66 22
166 74
211 219
72 82
60 29
161 65
109 164
138 63
67 159
189 68
2 37
134 139
21 31
88 41
135 80
52 29
169 31
20 147
69 72
72 104
160 15
147 68
57 42
28 202
138 113
138 134
3 23
88 3
61 78
202 65
94 177
197 1
91 75
28 165
60 98
134 206
204 75
214 53
9 59
107 109
53 2
36 33
94 24
84 37
138 53
55 138
78 47
0 66
119 151
177 94
17 2
62 119
213 9
80 15
38 33
56 141
115 37
73 138
147 82
25 110
129 104
166 53
120 119
142 31
163 188
202 159
135 129
136 59
79 94
27 49
129 94
78 198
71 41
150 32
100 41
27 137
78 42
169 60
82 38
195 59
78 33
27 129
5 53
17 84
119 66
29 5
78 45
67 150
136 96
47 15
176 192
81 36
138 128
16 44
189 48
45 91
9 73
100 109
105 163
110 31
62 44
11 19
21 164
41 71
75 184
189 66
81 38
18 194
169 71
120 29
80 53
78 157
21 49
58 1
73 96
91 1
89 37
174 1
145 141
109 178
120 88
100 71
55 128
72 16
203 88
66 44
136 135
80 44
49 88
166 1
214 16
88 64
98 216
20 158
81 29
28 104
6 116
57 220
62 15
22 3
209 57
108 85
158 20
9 144
93 52
57 186
178 22
163 147
145 194
18 171
120 93
115 59
73 123
138 123
147 44
150 35
145 143
195 15
69 44
170 71
60 16
17 88
171 202
137 139
122 157
60 194
80 86
4 130
55 119
44 119
117 143
60 17
205 64
174 69
105 1
202 88
26 57
28 193
120 67
39 13
22 143
33 9
24 192
78 19
215 156
50 15
176 24
66 154
70 157
138 98
139 74
86 105
9 72
61 60
62 160
146 54
106 128
221 53
45 21
204 130
90 129
33 147
163 183
63 64
1 15
37 53
98 177
147 19
138 22
138 117
124 94
106 157
88 85
119 23
55 219
147 69
165 37
29 15
82 195
166 3
62 55
33 47
32 87
44 13
134 88
186 175
9 136
57 117
96 146
6 5
98 18
125 22
69 29
17 80
53 84
21 159
141 110
48 147
48 37
0 154
43 177
52 26
143 116
163 62
52 44
61 15
90 94
209 104
69 4
150 193
86 48
207 35
48 9
149 3
100 148
7 65
62 39
45 65
57 52
81 44
203 144
9 78
69 174
78 82
33 189
38 47
80 29
66 29
146 206
39 5
61 121
150 52
98 28
97 7
195 98
195 147
31 71
19 120
222 46
86 81
90 175
163 48
31 37
66 38
190 221
132 177
105 51
9 33
19 29
131 188
11 77
6 88
138 85
140 94
203 117
62 89
131 135
2 85
120 65
61 158
125 64
94 128
55 75
15 85
9 0
92 23
111 64
166 6
91 130
81 82
72 19
16 166
98 9
19 17
119 74
93 154
90 45
138 210
120 136
52 93
169 16
45 77
33 44
20 78
206 134
94 63
138 125
205 65
119 139
0 144
65 88
39 53
20 119
62 33
130 63
136 105
138 177
195 14
80 154
14 19
153 39
153 98
60 157
160 47
143 113
35 37
34 83
16 188
95 77
148 179
80 85
80 74
29 53
138 18
88 179
66 48
158 1
129 162
89 150
80 181
94 31
9 28
0 202
98 139
85 24
120 96
44 53
141 117
81 69
48 113
38 120
87 32
131 159
155 49
49 77
138 37
34 209
105 29
137 32
68 44
6 15
81 80
160 60
181 73
20 53
138 127
70 88
28 27
27 94
60 52
174 130
81 20
138 23
108 195
14 53
20 160
73 65
105 52
16 65
72 98
43 94
7 37
78 173
55 42
130 157
21 94
62 12
69 82
194 192
15 53
117 157
94 162
128 88
28 138
40 157
138 73
0 62
130 170
11 9
88 117
86 93
24 37
96 17
73 91
167 29
106 63
207 129
27 98
88 46
139 46
165 53
171 83
181 72
206 92
78 12
36 22
55 96
82 1
98 219
207 71
138 173
173 192
48 53
145 22
77 45
117 31
86 42
120 47
214 144
6 76
41 177
28 159
21 41
140 162
184 75
70 164
137 149
161 83
166 134
138 144
57 24
0 59
102 15
212 59
136 13
28 24
18 223
57 109
120 55
147 208
91 63
60 47
177 77
138 54
100 65
62 0
93 44
165 1
49 63
120 84
214 84
4 69
69 37
142 175
44 89
100 77
130 152
58 37
169 138
81 37
62 19
28 126
116 126
158 59
88 71
129 41
48 15
19 97
92 206
168 110
154 59
55 85
205 100
66 64
73 60
70 219
61 157
207 26
221 191
47 52
60 160
80 202
136 119
161 127
120 53
32 53
120 32
204 83
109 24
67 37
213 177
138 65
172 31
207 222
75 209
203 110
120 15
157 88
58 19
14 59
208 52
108 119
173 124
171 31
144 199
28 31
129 71
82 96
160 37
104 103
16 73
78 115
17 42
38 59
220 88
208 96
108 121
157 31
9 134
186 42
111 172
180 6
33 84
98 32
115 160
44 38
26 88
174 9
207 94
35 85
57 65
69 5
172 100
86 143
67 62
26 56
130 26
168 117
9 169
147 15
167 53
86 59
32 17
117 37
35 175
60 19
66 60
9 16
0 15
61 68
54 134
203 186
163 6
145 94
152 88
93 81
105 32
98 206
126 143
84 85
80 47
86 62
73 143
60 196
60 74
203 157
64 116
97 13
36 195
78 182
21 148
72 139
9 219
136 37
150 19
44 0
118 104
138 1
91 54
198 175
23 3
48 74
113 24
216 141
182 194
164 35
115 14
56 42
136 120
47 115
124 123
108 102
44 6
19 1
90 145
203 194
140 128
167 80
20 0
55 62
120 195
153 23
138 71
19 37
196 53
98 138
47 147
48 17
80 16
52 129
185 157
26 209
113 126
49 71
0 181
138 169
120 150
96 149
138 124
150 6
90 127
30 24
33 37
177 43
193 219
31 88
169 210
94 37
56 88
82 0
178 64
222 83
0 47
19 39
20 60
53 52
26 52
116 64
175 220
183 157
90 26
9 23
77 91
167 59
78 136
195 1
86 162
145 157
9 139
186 130
9 127
113 88
40 88
32 36
150 69
33 1
11 63
27 77
214 146
214 19
151 195
38 6
0 9
82 15
78 13
168 203
87 206
80 160
208 15
143 178
44 55
45 26
12 119
44 208
45 57
223 159
21 70
98 55
195 38
33 154
33 66
129 35
80 64
138 148
66 189
9 53
33 88
217 1
60 123
63 71
132 94
36 2
49 155
112 0
48 52
160 80
22 178
81 86
21 128
19 2
214 149
73 192
176 123
149 134
98 202
78 55
36 44
120 164
109 31
111 117
198 141
6 1
125 143
212 13
184 164
175 26
174 32
100 22
56 94
61 188
66 2
78 110
57 41
55 41
91 45
107 132
25 91
87 54
63 46
33 60
62 9
119 2
78 74
207 65
47 208
96 59
119 167
86 39
137 53
49 94
78 147
54 146
138 219
33 78
80 1
215 42
62 47
105 102
81 160
111 161
35 122
138 104
115 147
17 65
33 32
110 83
84 44
120 9
100 110
47 60
28 162
77 117
86 159
174 44
43 71
18 26
145 41
80 50
150 78
95 162
4 159
147 62
31 188
122 224
60 66
28 64
60 64
60 84
150 89
98 45
112 89
26 177
98 193
209 88
84 47
30 46
214 92
61 47
174 47
141 26
57 155
168 46
96 80
138 92
62 52
17 44
67 72
213 28
149 139
32 44
93 53
137 26
2 5
155 157
11 84
15 29
33 119
163 29
44 66
11 1
78 14
214 51
34 26
30 157
11 60
20 44
195 89
123 143
134 54
75 26
138 32
82 81
44 93
47 78
70 65
108 66
91 146
180 37
192 182
87 35
89 48
145 71
163 194
95 26
147 167
60 83
57 94
52 84
10 88
32 19
150 13
120 36
224 104
199 134
36 96
38 195
40 143
181 52
174 73
100 40
98 26
181 44
132 100
78 48
1 53
78 135
60 129
49 76
165 39
26 216
129 63
139 149
16 9
136 5
33 136
109 94
82 147
17 225
12 59
119 165
55 169
86 32
4 39
15 187
141 65
140 179
206 54
47 7
136 39
105 5
71 31
174 98
126 124
130 75
74 2
132 31
91 53
96 84
41 88
181 37
2 29
160 20
60 117
132 127
26 155
145 43
133 7
176 188
61 52
93 144
33 6
137 9
36 59
150 1
194 183
51 72
207 46
91 155
55 49
122 83
163 182
81 195
46 83
78 52
222 31
1 5
82 86
5 1
34 117
207 128
147 38
67 15
68 61
73 183
45 128
11 55
93 74
44 17
78 183
16 147
47 154
101 1
70 152
135 201
198 142
175 186
48 13
137 15
120 167
195 37
80 13
32 1
137 39
129 52
120 1
17 38
153 35
21 46
204 220
17 66
44 167
138 72
77 10
147 20
106 41
155 76
143 192
76 41
44 181
86 37
32 181
147 17
60 88
120 44
69 13
88 139
44 59
27 91
165 158
26 186
58 112
40 94
45 71
11 53
57 128
100 111
140 186
66 1
64 178
130 110
107 106
93 39
204 110
35 198
88 157
120 199
96 20
18 9
166 16
132 107
73 88
151 119
0 208
174 15
155 128
17 85
138 179
131 24
96 37
194 123
66 78
55 31
136 86
148 177
130 127
91 90
138 94
11 15
26 157
14 1
108 141
145 49
147 195
192 143
91 157
163 105
140 65
132 63
100 143
44 147
47 61
0 51
66 0
11 41
166 15
36 62
33 72
201 211
52 2
136 9
50 69
78 41
120 225
82 150
61 88
100 43
147 37
72 52
19 61
45 116
52 72
79 46
17 13
21 117
36 50
106 65
151 13
89 147
141 24
68 15
140 169
76 157
2 74
76 49
78 73
130 184
4 129
14 225
37 139
91 103
17 48
178 88
56 171
98 92
26 75
66 37
56 186
129 177
33 162
145 83
91 109
67 119
46 110
88 10
166 23
209 65
204 26
191 221
81 68
88 31
16 80
16 54
96 32
148 88
81 89
182 124
176 124
119 53
199 3
86 29
27 55
59 154
104 141
69 154
70 162
60 55
9 20
55 69
45 88
140 83
36 154
28 109
195 55
182 173
135 131
76 114
21 122
11 26
26 122
72 17
109 43
168 157
177 71
170 177
27 109
145 65
97 15
98 94
106 83
11 13
78 98
140 88
183 124
20 59
200 135
77 162
174 27
31 194
146 16
138 43
214 87
28 192
166 199
88 128
0 81
94 46
171 46
28 210
4 84
107 43
145 7
40 100
86 72
28 9
140 130
78 7
70 18
163 7
102 1
30 37
202 157
77 76
123 182
106 162
102 53
190 138
16 137
138 59
81 61
113 178
137 59
62 13
17 147
66 32
55 78
35 26
89 62
186 209
64 113
201 135
163 22
86 66
156 218
208 194
131 46
161 24
54 3
195 0
110 79
217 37
148 65
208 147
195 151
28 188
16 91
221 190
34 88
36 4
24 173
130 98
36 14
192 1
45 64
192 124
169 88
63 76
37 2
33 62
57 203
120 12
136 0
153 9
184 143
177 148
6 24
213 91
25 46
95 83
8 163
72 67
30 65
157 117
92 3
76 79
208 97
161 157
91 134
108 62
56 179
79 148
130 41
174 163
108 5
81 39
122 42
47 44
80 119
66 59
212 37
72 15
141 46
11 119
182 192
44 12
93 198
9 154
48 202
20 84
0 156
141 104
91 95
81 212
180 62
145 90
27 138
142 157
6 147
157 173
126 64
48 68
39 19
54 149
163 225
86 196
137 94
45 113
98 53
21 43
196 7
79 177
81 181
91 79
195 120
131 98
66 196
77 37
109 79
31 109
21 157
67 82
108 78
56 128
181 15
18 143
47 69
32 47
129 141
167 147
86 167
78 75
190 73
79 43
93 1
136 163
150 67
129 175
61 85
187 15
136 47
163 150
47 80
129 49
91 77
39 52
195 150
138 24
163 13
73 59
198 46
158 61
136 15
180 156
186 57
56 65
158 37
57 64
138 153
66 147
57 127
32 195
214 199
122 117
9 32
21 207
33 29
26 203
85 29
28 53
9 13
145 220
55 209
14 85
66 178
105 162
81 120
86 69
55 120
9 70
214 54
38 66
54 92
184 88
78 108
140 70
96 13
71 88
178 113
43 41
55 19
17 29
28 182
136 24
55 63
209 26
78 44
180 15
9 138
112 147
60 89
120 89
81 119
81 102
73 124
60 26
87 149
66 113
73 194
64 143
115 29
78 88
73 16
129 103
27 73
156 180
31 117
78 124
112 9
105 47
89 143
27 43
28 124
208 44
86 163
174 193
47 150
119 62
35 144
119 1
63 128
38 143
122 26
181 1
60 96
94 117
98 44
111 88
31 22
105 88
39 2
93 59
173 183
68 1
38 163
112 15
54 24
62 32
78 196
117 159
92 149
69 86
138 192
137 1
78 24
109 46
86 88
122 31
120 4
183 192
92 146
96 54
82 93
72 53
62 115
60 59
78 163
109 117
21 107
96 15
192 46
4 12
152 130
109 83
66 194
48 24
81 147
79 155
87 92
119 24
30 117
138 77
138 46
178 114
78 61
94 43
28 63
66 15
97 104
109 65
46 24
129 79
98 63
134 199
119 55
93 181
84 2
55 7
93 72
16 50
98 1
48 86
207 31
221 42
204 157
173 159
27 41
66 135
12 44
126 116
167 15
160 9
56 177
45 134
0 93
137 55
96 53
6 57
72 165
191 190
89 55
73 98
60 85
98 78
55 165
11 52
122 65
55 159
156 215
138 7
67 39
138 62
91 76
61 24
16 93
169 73
150 15
119 47
98 201
6 47
136 81
47 6
191 117
17 39
9 37
189 15
55 167
138 13
166 59
86 164
108 151
163 42
56 26
45 41
48 112
16 14
118 198
9 46
67 20
12 19
6 44
89 53
50 52
160 115
119 0
119 105
63 155
81 112
207 88
40 177
189 37
171 56
98 159
80 6
96 51
167 120
135 200
20 48
163 173
78 188
31 24
31 83
16 189
9 19
115 33
205 117
6 163
108 167
38 116
106 177
52 19
208 35
189 147
173 123
181 53
73 190
167 13
177 128
84 1
132 179
98 153
207 157
66 9
138 185
203 57
163 162
137 88
64 31
45 192
40 123
96 144
44 62
157 24
98 33
0 163
63 31
66 13
21 26
103 175
61 42
0 84
129 88
138 194
98 27
96 47
158 102
19 12
47 163
17 59
108 44
178 31
208 53
71 94
48 139
58 15
100 177
80 135
98 54
81 136
167 85
136 60
148 71
56 31
78 37
91 24
32 52
120 24
186 56
163 39
91 177
96 29
11 138
32 96
89 11
6 89
89 36
141 51
50 19
48 2
9 15
105 188
55 88
48 85
144 16
55 15
0 20
119 59
80 52
81 66
113 116
21 111
69 1
112 48
18 65
39 1
88 177
55 13
48 178
97 84
112 119
147 150
88 24
9 213
117 192
48 144
78 69
137 52
174 160
73 13
138 143
47 68
209 157
38 86
98 127
81 72
78 68
96 99
131 65
170 94
163 86
208 47
192 88
32 62
94 64
73 193
189 96
26 76
56 175
138 31
192 173
32 167
9 94
129 157
184 117
98 19
181 163
138 91
91 127
109 88
98 0
174 53
33 112
37 15
76 63
150 163
108 6
145 128
56 129
28 213
24 46
80 159
78 90
62 80
145 127
4 82
108 19
145 26
6 37
20 96
60 12
4 3
120 17
55 71
209 75
130 117
155 88
95 164
204 22
77 88
94 192
148 31
173 194
160 48
112 47
195 108
176 110
26 148
62 163
137 91
40 134
197 37
83 46
47 53
81 78
5 37
98 37
80 89
122 88
88 63
196 39
127 79
9 77
78 194
39 37
161 46
6 22
20 62
6 180
74 139
146 24
184 157
67 86
81 1
115 80
91 73
60 6
204 46
9 150
73 55
48 82
60 102
212 53
98 149
130 88
1 2
26 40
210 88
5 164
106 46
16 163
17 93
80 81
56 71
39 15
86 108
120 102
96 48
98 73
70 94
201 219
36 120
145 24
201 193
50 181
3 134
57 88
79 127
78 39
29 37
105 68
69 68
69 147
36 69
105 19
158 163
55 195
198 122
93 35
35 129
90 43
182 123
91 49
137 13
204 64
22 117
9 62
57 76
80 224
62 136
91 144
106 94
45 126
55 27
160 59
167 86
66 80
93 225
158 13
32 15
96 62
120 52
105 3
145 64
180 1
55 59
135 4
48 20
34 71
91 98
124 192
115 53
74 37
194 24
76 128
147 115
98 112
137 98
108 48
88 65
79 88
161 94
52 37
20 47
26 198
86 84
22 64
125 116
49 128
48 5
216 26
52 39
6 155
90 128
28 98
113 157
136 48
105 53
98 60
130 188
174 139
82 44
138 116
57 103
14 13
171 110
67 13
9 146
213 165
75 104
120 33
132 88
81 55
86 119
78 62
48 121
222 110
123 192
60 119
82 37
86 97
145 110
81 85
150 53
208 202
117 53
47 29
45 114
20 15
60 20
75 157
12 6
66 53
138 199
48 89
195 53
106 76
186 75
98 179
121 188
52 85
21 225
9 206
175 35
57 157
76 88
173 157
25 88
60 174
142 51
17 15
72 1
130 65
135 66
131 83
47 19
80 38
38 19
140 157
39 103
43 88
60 188
98 169
72 181
95 88
212 85
34 46
34 157
24 88
55 47
138 9
50 2
94 148
90 179
148 77
108 7
104 51
175 142
158 165
99 164
132 71
135 61
174 219
23 85
32 37
26 94
136 1
75 175
52 15
98 88
169 127
91 128
44 85
70 128
25 65
86 156
194 182
33 19
48 44
12 37
131 164
28 71
62 98
181 93
108 53
89 6
88 76
122 35
139 77
45 31
155 41
30 159
115 13
0 136
145 57
31 110
140 177
119 33
32 2
14 47
119 102
69 181
28 7
116 22
148 94
90 57
214 134
57 168
38 82
140 46
91 71
174 99
198 104
11 37
45 177
91 70
178 126
25 129
96 93
126 113
50 32
33 20
67 84
214 37
80 189
80 121
55 11
148 41
60 61
37 84
78 171
61 104
181 80
95 76
87 9
163 158
48 61
136 188
33 39
55 193
34 31
119 12
189 53
47 33
120 61
137 159
40 71
192 176
33 59
189 6
181 69
57 129
189 86
33 144
2 15
26 46
138 27
167 55
80 102
28 88
16 66
189 19
46 31
75 129
105 62
165 13
28 141
169 77
151 37
57 35
147 1
27 88
138 0
94 41
48 47
155 177
208 0
66 121
215 218
91 129
91 56
167 38
4 13
111 183
209 24
61 32
45 49
78 160
88 134
91 88
67 24
174 88
80 37
29 1
138 159
62 42
40 24
86 19
30 194
180 12
112 14
73 182
98 62
6 119
2 10
40 26
60 68
52 35
71 43
17 150
8 158
93 16
50 72
61 69
19 15
82 14
67 117
95 220
75 203
0 32
147 0
62 1
75 141
55 98
92 139
76 65
108 52
91 94
208 1
15 5
87 146
60 169
80 2
32 72
203 24
28 194
86 68
138 28
56 157
36 13
57 141
129 186
17 16
44 47
24 194
120 62
137 63
214 52
195 82
17 1
79 110
64 88
119 20
54 139
137 27
7 117
90 177
26 109
191 145
11 129
97 16
166 85
52 86
28 178
184 122
28 26
190 88
77 94
112 6
138 29
29 2
86 17
62 225
81 96
184 51
66 174
44 2
25 24
39 85
32 93
30 188
122 175
89 1
51 135
6 193
19 101
186 203
137 153
45 107
94 22
76 83
96 136
185 65
189 7
51 198
20 80
130 122
93 13
138 2
3 149
214 39
45 159
108 156
203 83
155 71
80 61
113 64
100 79
90 88
91 9
174 65
106 109
80 32
66 89
88 77
61 37
81 47
108 196
0 29
58 20
55 130
38 44
119 159
212 15
59 13
206 3
175 198
4 19
76 110
96 1
16 153
97 188
91 65
80 66
120 23
40 132
167 89
181 32
60 195
58 5
174 5
140 41
91 46
60 65
4 53
112 44
62 14
101 15
21 65
129 57
90 148
198 51
3 22
45 24
138 202
97 37
25 222
26 141
88 94
78 85
17 51
98 16
4 26
66 188
55 37
150 7
86 67
105 13
174 93
109 71
27 177
145 109
106 129
120 7
138 15
69 89
120 173
128 177
5 29
145 203
98 140
140 171
160 13
206 146
150 39
96 12
207 110
37 24
0 2
10 31
209 141
60 37
68 96
26 31
145 129
28 123
48 160
48 38
203 65
27 9
147 13
105 17
20 19
16 97
222 207
8 53
189 39
0 52
9 48
32 61
86 181
128 26
138 178
33 38
17 105
96 92
208 20
78 20
16 225
115 119
149 54
138 47
140 43
15 2
48 78
35 103
9 112
60 78
139 65
8 102
176 173
47 84
217 13
4 135
6 202
62 202
48 29
32 29
45 56
12 180
28 94
151 15
100 157
29 85
169 87
69 36
166 13
19 51
170 75
45 43
20 37
73 24
17 47
100 205
132 40
122 24
61 7
96 68
120 68
195 81
73 93
15 37
90 63
73 173
72 33
124 37
38 13
55 89
163 19
106 79
35 104
17 52
129 128
106 110
198 103
187 13
112 20
12 62
148 109
50 84
80 33
9 193
69 187
138 16
72 120
2 1
84 29
6 166
9 41
194 124
218 215
19 72
62 208
112 66
124 183
81 84
72 57
104 175
163 159
57 209
138 175
56 103
211 193
73 159
6 66
19 53
21 24
205 88
120 16
77 3
53 15
0 99
77 139
112 19
89 0
20 9
6 128
47 59
27 26
86 189
97 19
35 24
208 84
94 49
66 6
167 32
78 159
20 16
142 42
45 83
110 46
47 136
57 56
55 134
78 117
119 78
89 116
82 119
81 14
17 73
84 35
47 37
86 85
100 179
96 2
6 49
104 159
48 66
85 88
72 9
48 64
120 151
98 47
180 66
67 53
91 159
30 83
36 52
14 39
98 10
28 65
73 53
195 86
112 37
86 2
28 225
76 94
138 193
46 65
60 44
86 151
86 15
141 129
45 94
68 62
45 129
124 194
91 206
24 117
163 1
120 38
47 0
4 44
11 88
14 44
108 180
120 37
169 153
147 163
166 139
163 59
128 157
82 13
93 2
44 29
61 86
17 37
57 71
95 71
98 84
141 209
130 129
138 188
192 22
150 147
35 51
70 24
32 85
16 69
60 53
91 143
106 159
38 53
192 188
44 37
98 80
44 52
150 59
21 37
9 11
155 94
194 173
39 35
63 94
48 163
48 189
70 122
81 59
138 41
208 119
16 172
66 112
31 46
142 159
210 46
25 83
19 163
84 53
146 149
72 144
91 43
78 66
204 88
