181
0 1
2 3
4 5
6 2
7 6
8 9
10 11
12 13
14 15
16 17
18 17
19 20
7 15
21 22
23 24
25 26
27 24
25 28
29 30
31 22
12 32
33 4
34 35
36 37
38 39
25 40
33 41
30 15
42 43
44 25
22 45
28 38
46 11
18 47
5 48
49 47
50 51
52 53
19 54
55 56
57 23
58 59
60 61
62 5
63 64
28 23
57 65
66 53
67 11
26 68
28 40
34 69
33 70
71 72
73 74
75 13
58 76
33 64
77 12
36 78
79 80
81 82
83 84
72 4
82 53
85 81
66 86
60 35
38 11
34 87
5 45
88 74
66 35
63 89
90 9
64 91
92 30
93 94
21 78
95 96
2 97
81 3
61 12
33 89
74 98
81 52
27 4
99 46
89 30
70 82
50 9
67 1
100 72
81 101
22 65
102 103
40 74
71 85
104 105
106 107
93 36
107 36
29 13
51 38
86 53
78 28
64 25
71 65
78 26
65 17
108 1
60 109
54 41
7 9
110 13
94 17
93 111
78 34
112 51
77 51
19 67
100 113
114 64
73 53
73 47
100 44
79 110
101 10
115 41
116 25
94 100
117 118
18 107
108 26
119 2
49 107
23 46
54 101
120 110
121 122
15 121
123 124
67 94
125 19
107 2
121 85
67 6
40 34
4 111
126 26
126 82
22 17
127 32
128 129
121 74
25 44
108 69
40 84
130 81
47 59
5 108
85 72
131 35
110 94
95 62
12 44
69 58
64 107
93 9
59 51
44 52
31 85
48 11
128 32
77 2
30 117
112 1
17 74
25 22
132 84
133 118
100 38
92 59
90 120
134 81
127 67
49 19
135 136
131 59
19 51
109 84
12 22
123 4
85 36
51 40
18 97
111 131
81 2
62 6
82 9
73 11
19 137
57 43
44 138
139 38
2 81
14 11
58 98
135 11
15 3
20 59
39 74
25 46
38 94
140 118
98 74
141 78
130 58
100 69
50 3
102 37
6 85
50 32
61 129
19 125
25 7
47 123
86 11
31 65
25 111
66 51
13 30
68 3
31 64
15 51
64 2
119 12
75 11
141 82
32 118
49 46
71 87
104 74
59 4
2 11
78 124
88 113
67 9
70 142
102 31
18 52
64 43
62 30
143 90
144 139
31 25
99 2
65 3
114 38
110 36
100 93
77 124
142 140
61 51
49 42
23 22
26 4
33 49
18 15
70 34
30 52
105 11
114 101
58 121
33 50
14 59
145 29
144 9
20 146
86 75
147 140
127 2
25 82
66 94
148 86
78 129
3 1
124 77
79 84
124 110
52 118
86 115
2 78
134 72
86 63
24 9
57 99
123 25
121 28
14 40
24 142
77 53
149 40
51 45
31 33
150 1
36 129
104 2
3 43
63 148
25 72
78 16
28 118
30 3
151 121
49 86
111 152
153 84
81 87
76 86
25 24
146 130
141 92
130 25
50 33
78 128
121 45
115 6
154 155
100 111
68 118
122 23
94 23
149 19
10 89
130 70
13 75
88 142
147 82
61 14
30 107
111 11
20 130
15 28
59 53
25 86
67 86
121 29
70 3
94 26
69 137
25 69
150 11
9 59
86 77
35 84
31 47
26 59
7 28
154 84
12 69
110 52
41 115
121 38
31 40
50 2
2 44
59 86
41 31
81 21
134 78
148 25
127 78
70 19
63 138
114 17
121 86
156 39
49 4
100 120
33 19
46 22
49 54
24 129
49 36
115 62
47 35
128 3
47 4
114 3
147 52
4 11
125 94
58 2
31 14
117 121
19 56
64 152
67 121
29 86
123 64
16 2
90 42
47 73
22 107
25 2
33 152
105 15
85 4
127 121
103 53
52 93
0 9
139 121
74 34
122 86
80 81
80 25
86 105
128 37
132 69
2 31
28 2
66 11
44 110
47 83
50 52
2 38
157 89
130 1
127 95
81 54
39 38
28 3
33 107
3 158
63 4
34 107
50 1
148 69
78 37
29 53
61 82
48 2
120 47
101 86
100 11
105 2
138 25
85 53
111 149
123 53
66 110
67 15
157 146
31 121
3 114
130 159
78 130
131 82
102 35
160 114
128 47
33 93
127 93
19 16
139 51
92 118
51 86
85 84
4 53
45 51
68 11
35 3
64 22
107 9
48 64
98 63
57 15
127 18
128 52
58 3
42 11
30 139
7 59
122 36
58 127
50 118
12 139
66 12
25 32
51 53
2 45
26 11
34 85
78 121
77 84
111 43
100 148
15 34
57 127
16 38
3 15
68 35
3 61
28 74
29 50
93 26
2 87
66 5
117 84
158 3
40 42
19 101
14 111
119 40
80 30
27 121
19 93
2 26
127 140
115 87
30 64
100 118
30 92
12 10
81 84
107 74
61 7
22 86
62 3
91 22
58 11
81 146
47 80
152 64
66 19
147 11
33 78
126 118
71 32
38 28
114 26
22 52
35 59
102 43
129 28
161 2
30 89
77 40
160 64
60 162
91 51
111 97
36 111
31 46
147 124
68 94
160 105
91 131
87 46
61 3
163 5
2 111
18 29
27 74
52 45
107 45
48 26
122 94
111 103
57 17
32 74
141 3
66 47
92 115
156 59
100 43
144 113
160 47
91 73
87 81
49 32
59 6
63 7
142 9
90 74
2 116
92 32
114 94
73 81
25 63
156 53
4 9
57 101
2 18
66 84
31 45
14 53
117 1
24 72
62 141
86 3
78 52
44 47
58 118
59 26
4 3
14 24
81 86
127 29
74 84
147 5
47 9
38 35
68 40
81 34
24 59
146 157
32 97
86 6
75 2
25 65
64 26
81 30
63 98
164 9
127 145
3 152
57 7
102 61
146 29
122 91
22 9
73 98
75 127
73 15
142 118
28 61
50 91
97 129
111 42
21 59
111 78
123 45
121 1
111 5
139 59
73 26
110 148
39 53
72 142
100 45
12 107
1 3
20 37
10 6
142 17
100 17
111 136
49 34
77 87
19 6
70 22
2 129
51 77
121 118
70 4
127 17
44 34
115 72
142 1
92 75
47 49
70 148
128 1
29 139
12 63
58 51
86 40
2 6
28 87
48 87
67 19
57 40
31 102
19 92
151 25
25 42
107 5
21 118
141 121
165 24
122 121
33 24
40 86
25 148
46 3
104 40
93 59
102 84
130 129
54 33
86 73
5 17
33 61
47 10
44 117
53 11
67 87
28 148
86 149
107 84
144 74
73 97
44 15
49 35
92 125
93 23
123 107
114 40
20 2
5 68
163 45
97 118
121 82
14 113
126 136
18 4
163 33
70 129
38 16
14 9
58 9
87 3
2 5
48 114
5 82
102 86
73 91
111 32
45 5
90 155
63 19
2 77
75 49
97 17
61 10
61 127
78 25
142 84
78 11
90 142
74 53
15 31
102 82
15 74
125 15
139 30
127 84
70 84
18 2
45 15
125 82
51 69
8 166
2 114
21 52
90 3
114 78
31 87
33 32
6 58
42 40
94 82
74 121
117 93
58 167
23 94
73 118
3 65
7 86
64 3
4 69
125 6
44 11
10 131
146 113
121 3
30 86
88 148
33 98
130 11
138 65
75 10
51 22
135 36
127 107
58 103
93 118
18 82
104 32
18 36
33 2
93 1
142 3
163 87
30 148
73 35
64 97
92 6
46 25
58 25
107 129
81 40
70 93
19 57
51 59
108 85
67 32
82 84
21 64
75 54
75 20
135 25
57 25
78 105
139 28
70 23
66 74
21 71
139 52
41 2
41 58
117 86
74 45
66 127
62 59
144 29
91 5
89 29
90 25
2 25
25 23
61 118
58 40
96 46
139 15
45 78
10 58
62 78
78 86
122 9
82 40
78 64
18 113
102 12
47 160
71 45
40 135
6 67
115 40
168 52
49 118
97 25
130 53
156 118
92 102
94 126
22 32
135 59
75 81
126 39
29 127
58 53
34 15
99 125
12 53
98 86
5 59
53 45
71 53
31 15
31 118
135 74
25 53
30 167
24 118
40 11
12 101
92 139
149 1
127 36
86 65
66 129
62 15
52 94
93 152
152 3
85 6
47 36
144 49
85 168
13 19
91 74
34 111
143 118
81 129
97 123
110 139
111 121
121 35
9 28
47 115
75 139
44 12
122 28
110 138
108 11
85 82
23 38
77 3
53 135
151 53
122 74
63 71
24 38
19 49
162 60
5 11
48 86
92 136
127 9
38 40
29 24
47 74
78 24
117 2
83 47
121 32
19 50
61 84
140 142
68 59
117 9
86 92
47 121
74 51
62 121
163 121
57 118
19 36
93 136
15 25
28 25
51 1
151 102
41 25
78 9
2 67
74 46
102 32
2 32
85 74
21 87
108 113
102 119
61 25
36 53
92 103
67 3
47 1
108 104
86 85
92 167
25 64
42 111
81 1
108 120
49 64
12 66
50 142
42 4
30 80
98 123
2 85
50 107
115 65
144 11
57 45
52 36
38 84
72 51
130 9
20 6
64 40
58 130
68 53
28 64
25 4
74 38
63 1
28 1
89 127
78 70
129 142
6 52
67 7
59 118
117 120
24 53
158 81
163 118
81 32
54 47
61 46
151 35
2 51
25 38
139 1
30 74
25 9
31 3
153 143
54 19
26 38
10 84
30 85
62 107
121 53
19 70
92 3
90 148
88 129
91 107
127 92
156 136
129 4
80 95
122 118
2 141
124 2
53 59
7 121
67 129
28 139
7 17
49 103
47 102
141 2
87 74
64 82
90 143
71 34
44 100
100 35
149 43
97 45
61 9
57 34
67 84
128 89
12 51
100 84
64 123
39 26
122 5
18 27
88 1
8 60
114 36
139 26
106 131
148 108
25 51
33 130
50 59
6 86
8 26
58 1
66 78
48 45
156 94
68 5
121 59
147 38
3 72
58 45
36 118
3 11
108 35
71 107
105 86
22 59
90 59
92 62
62 9
19 161
92 5
90 86
90 166
15 6
152 51
44 78
6 128
92 40
139 13
61 2
49 17
121 70
68 19
70 49
105 53
15 105
44 51
44 32
93 129
125 57
19 85
19 13
76 52
29 42
32 36
15 2
65 136
25 94
5 62
89 19
142 43
12 87
86 44
165 129
44 1
89 10
158 43
116 98
36 25
121 15
100 60
105 115
139 89
130 121
129 53
66 113
57 59
112 118
97 53
117 61
110 124
29 144
122 3
33 6
160 40
61 97
97 2
138 51
155 43
70 25
135 86
61 85
39 82
3 2
44 22
135 45
92 58
91 47
31 28
63 25
110 142
86 22
128 118
21 121
17 53
58 69
130 78
158 11
63 32
49 15
29 84
34 86
71 11
90 60
71 59
66 107
120 66
135 53
97 136
129 36
44 4
131 1
89 86
87 23
129 17
26 86
4 1
110 33
38 82
27 65
154 3
153 155
2 53
127 41
57 78
122 45
87 111
86 26
41 40
97 86
144 33
101 81
81 64
81 45
19 121
20 75
82 3
130 118
89 81
73 5
99 9
163 92
86 98
92 147
33 45
19 62
25 11
2 24
154 86
115 45
22 148
57 86
8 11
21 48
159 111
102 72
96 107
2 110
76 140
126 156
24 91
119 101
86 41
121 93
59 84
34 36
12 40
28 7
122 111
128 84
154 53
93 69
122 114
28 114
6 73
28 35
101 119
76 103
65 93
13 2
45 74
93 4
19 33
2 28
128 102
121 103
94 5
30 10
152 38
86 57
6 20
81 51
10 9
38 53
108 36
34 40
25 12
87 2
105 9
25 15
126 11
24 4
110 65
92 1
132 11
139 23
79 9
31 35
57 169
85 87
135 107
44 107
48 44
9 40
127 46
115 92
7 107
64 1
99 121
89 33
67 25
22 26
86 48
139 113
89 128
44 53
2 35
9 3
60 23
108 25
18 3
38 2
34 118
104 108
110 53
104 3
36 74
19 84
74 72
18 61
146 89
141 93
161 101
50 79
123 3
127 33
81 22
85 66
19 35
89 139
78 115
66 120
93 17
101 161
156 3
126 111
85 2
32 53
110 152
63 36
111 15
75 113
2 9
95 80
46 35
49 98
71 121
44 97
155 3
121 151
92 57
57 105
64 63
143 26
105 25
32 22
24 86
81 4
44 36
66 58
118 9
9 94
40 25
154 166
118 26
58 128
2 12
33 167
69 15
78 72
103 86
105 32
125 26
126 5
47 86
19 2
70 52
86 34
117 25
86 71
153 90
154 17
19 87
122 97
110 59
35 26
49 9
57 141
2 64
19 107
149 86
48 1
48 5
27 86
70 15
114 118
36 3
92 10
76 107
21 36
20 113
32 111
123 47
121 26
96 113
86 125
18 148
29 67
102 105
102 148
86 103
24 22
12 25
130 52
67 24
4 38
23 107
67 139
92 13
7 35
67 80
87 25
5 84
5 35
111 85
130 124
34 17
2 107
114 1
127 60
148 40
58 72
21 40
23 111
25 3
127 24
12 103
14 31
74 158
93 25
130 43
61 121
31 51
26 82
25 123
63 101
17 82
12 46
127 5
34 25
2 52
138 69
12 161
108 23
5 119
93 72
137 148
138 108
38 17
2 98
63 3
110 9
130 107
76 92
129 59
80 2
2 84
114 51
62 40
121 94
107 59
126 84
110 120
29 62
85 52
7 3
69 51
92 163
81 53
22 23
39 15
31 4
77 74
108 121
25 33
33 159
64 129
31 93
111 110
29 5
31 26
86 82
99 87
144 19
111 48
44 71
170 1
97 43
31 52
91 111
43 47
26 152
130 113
81 69
151 32
64 17
76 161
151 7
127 128
125 38
28 15
99 57
61 40
151 11
63 2
44 61
61 74
3 22
44 105
44 148
2 158
130 86
8 82
80 67
57 82
96 11
94 40
2 50
49 53
81 36
58 92
38 103
81 72
141 25
59 40
51 26
30 18
81 107
63 45
138 44
39 23
102 123
22 78
38 152
38 86
22 84
114 4
60 139
154 90
150 121
125 3
76 121
28 72
107 3
122 38
58 7
18 114
1 4
100 3
100 129
121 84
116 40
139 118
42 136
10 92
28 121
75 9
108 123
58 75
114 48
155 35
130 69
110 6
100 121
121 11
122 25
19 63
48 46
166 90
15 85
24 23
17 11
47 91
36 32
111 135
127 3
49 1
71 4
148 22
78 3
44 17
31 36
86 24
108 107
79 74
19 91
66 40
36 64
66 121
71 97
72 74
79 50
57 84
34 22
107 46
3 111
22 1
14 25
8 148
29 23
8 113
110 72
143 155
121 7
102 101
44 2
27 2
53 82
45 85
53 36
27 22
59 42
92 2
125 17
41 29
53 32
142 59
33 22
138 120
76 101
19 139
145 127
70 35
40 87
86 15
74 2
127 105
151 63
108 9
19 3
31 34
108 84
21 111
47 53
86 64
0 18
30 81
47 120
19 124
108 148
127 47
6 10
13 12
130 59
110 69
25 171
91 122
172 173
128 112
64 84
29 92
79 1
62 26
115 38
16 5
114 74
143 11
3 9
114 53
108 17
115 127
74 36
62 29
31 124
67 45
29 121
34 3
78 22
70 11
115 4
13 110
117 111
40 93
34 2
44 118
3 4
87 40
21 158
63 86
8 84
78 65
61 72
53 136
67 59
2 17
92 15
33 3
86 49
3 38
126 35
156 9
70 85
81 85
28 32
97 59
32 51
111 123
77 142
71 82
163 113
130 45
78 36
72 28
62 41
108 48
149 11
61 45
105 45
90 1
121 52
49 51
92 89
26 1
89 130
31 5
12 77
82 111
58 120
28 124
141 52
104 86
68 92
31 11
61 142
85 35
73 167
33 31
71 36
4 35
18 9
122 52
58 74
111 72
86 101
33 59
66 45
5 135
127 119
70 40
92 19
24 64
21 1
5 122
118 61
59 142
31 19
73 136
108 93
57 26
49 25
92 124
91 64
151 97
64 118
63 15
21 107
93 65
160 1
57 68
12 167
29 103
151 103
90 118
44 103
45 40
4 24
49 52
45 148
32 1
31 142
86 136
25 110
32 121
151 74
115 53
93 40
128 6
53 85
121 25
127 81
2 19
115 3
57 33
61 167
44 93
86 36
47 54
62 113
140 86
24 51
28 110
125 46
85 152
128 22
63 27
86 51
126 80
3 17
72 39
100 103
76 74
47 81
3 45
68 84
93 142
135 40
29 89
129 136
32 2
51 123
15 148
110 18
78 119
162 118
29 19
107 118
75 92
101 111
54 86
174 25
147 35
100 74
61 42
66 97
110 111
30 4
12 85
174 40
81 118
22 82
147 4
128 36
74 87
102 107
127 45
100 107
44 48
138 2
18 86
25 136
84 118
86 127
66 85
27 78
127 163
87 72
45 86
67 127
90 153
147 9
58 147
2 86
52 85
77 121
168 85
6 78
12 61
12 52
67 35
97 32
144 47
50 74
31 174
134 40
65 115
69 111
92 43
18 53
57 38
111 4
42 3
92 35
82 86
107 44
43 3
31 148
61 17
4 93
74 17
61 139
76 118
114 43
50 152
68 136
127 130
27 72
72 3
122 7
5 163
62 92
78 158
155 53
124 3
121 123
7 84
61 28
67 115
70 45
102 93
38 64
121 72
58 65
130 30
59 94
5 86
27 9
111 114
142 27
14 72
67 172
39 59
10 118
36 121
93 122
81 26
9 120
19 9
44 69
70 53
123 97
158 74
111 74
158 40
154 100
125 54
98 79
150 9
107 38
73 65
69 48
75 58
49 31
77 111
70 30
60 94
89 76
91 59
127 86
86 97
95 38
41 54
52 11
115 26
90 17
2 48
107 25
67 118
35 40
160 11
148 44
101 95
151 17
129 107
114 111
75 59
7 10
102 3
76 142
84 35
31 84
2 149
115 46
9 118
27 142
72 24
17 35
107 15
147 127
16 59
21 53
2 73
51 72
20 89
86 119
139 9
174 24
118 28
44 114
80 86
23 74
125 35
139 2
144 53
147 118
49 5
4 82
41 127
91 144
142 72
61 65
30 120
49 3
130 4
62 115
19 24
111 3
91 43
123 103
32 107
58 17
51 23
125 127
71 23
70 111
66 43
76 2
31 114
27 40
101 120
76 9
44 24
92 84
85 28
77 9
40 59
86 19
19 119
19 25
152 82
64 53
28 9
140 76
64 32
85 11
91 65
38 59
77 86
114 25
53 24
58 124
85 3
62 127
120 90
28 36
114 84
102 22
90 35
28 4
4 59
38 74
65 11
69 2
29 43
172 11
3 82
174 35
64 35
108 22
28 52
2 34
59 9
47 64
7 53
4 94
126 2
87 28
27 129
120 61
29 3
29 52
12 86
65 59
82 17
2 74
3 64
86 54
93 53
62 125
27 34
22 118
51 91
7 111
102 152
5 25
139 86
71 63
112 148
82 35
57 74
121 46
144 54
86 74
107 40
46 53
49 45
81 74
28 82
31 129
61 15
71 44
86 4
106 18
46 74
73 36
100 86
7 82
78 15
94 86
12 121
78 45
19 110
69 74
24 37
147 3
166 59
148 138
58 10
150 118
151 36
71 1
150 167
64 72
89 58
19 52
127 19
18 118
44 35
97 34
86 113
19 11
81 111
86 35
45 32
155 84
47 43
71 17
51 2
59 107
38 1
23 86
0 118
81 25
118 114
4 25
144 121
64 9
78 113
111 34
81 46
100 82
148 137
89 6
89 92
164 1
62 86
21 51
97 61
92 29
13 139
70 130
118 35
129 16
50 24
115 47
4 74
107 53
70 118
139 75
87 107
3 25
99 167
7 136
28 53
128 50
46 2
33 54
2 22
101 63
53 64
127 139
138 110
102 111
35 11
107 86
33 84
95 101
59 16
44 28
7 122
78 5
124 28
100 137
21 43
78 85
52 121
57 11
115 57
19 47
33 121
139 12
57 46
86 2
47 84
3 118
61 35
21 32
61 111
32 47
28 22
71 25
66 38
127 118
3 34
67 29
64 36
47 63
2 43
108 45
122 65
119 102
111 38
138 19
120 108
40 116
144 159
142 74
154 26
93 74
22 42
141 35
142 24
131 152
107 22
155 118
111 87
86 47
40 118
81 6
78 110
90 121
67 50
93 52
25 114
31 74
163 127
132 115
18 25
45 34
117 11
22 5
85 40
57 93
78 123
50 102
19 66
86 45
62 139
79 98
19 44
128 58
110 85
19 113
122 72
111 84
84 24
68 46
107 136
20 128
76 89
85 103
88 118
78 93
36 45
30 78
40 28
115 35
31 113
130 148
130 89
130 61
156 17
32 86
23 45
65 37
59 136
71 93
51 87
47 143
49 22
110 61
27 18
102 6
78 44
85 78
25 59
110 28
26 5
57 5
101 54
78 29
14 61
58 47
38 26
71 118
2 148
28 45
20 65
117 44
140 130
104 45
2 42
69 81
92 82
31 128
175 84
86 110
127 113
100 108
58 15
77 118
31 2
69 148
53 17
148 51
72 25
73 45
163 24
76 58
21 25
22 53
141 9
21 74
61 107
144 107
19 98
135 5
127 176
54 46
9 82
86 23
112 138
39 9
144 2
149 45
73 86
9 129
49 78
30 44
90 94
19 1
107 17
70 59
75 46
47 144
58 113
66 32
66 17
40 9
76 3
151 15
49 2
144 98
71 26
69 112
56 55
7 118
70 74
3 136
122 93
67 26
121 4
43 42
85 159
104 51
58 52
59 17
26 53
157 130
78 118
33 103
65 9
94 118
91 24
92 26
141 15
125 11
102 34
31 49
67 51
54 31
149 2
114 35
90 2
58 6
42 65
44 5
56 177
100 15
90 53
122 148
10 26
6 26
100 1
86 84
92 45
19 65
81 158
29 41
49 61
4 84
22 64
166 8
41 148
39 111
61 59
67 31
107 71
86 72
18 11
28 46
87 38
92 52
126 121
74 15
120 9
15 44
70 29
86 9
143 166
32 64
89 46
48 111
123 36
112 43
105 160
6 115
58 131
117 30
147 107
32 25
78 51
106 1
70 46
139 84
69 86
23 84
117 14
137 84
82 52
36 11
118 82
2 118
111 45
78 136
81 37
35 174
147 58
48 39
122 61
126 86
57 94
31 86
14 107
90 40
0 74
63 31
91 98
78 97
124 86
27 1
45 111
78 73
16 53
23 72
94 38
156 11
25 74
51 17
93 11
51 74
76 25
75 97
40 23
8 100
120 138
8 90
47 127
12 74
91 48
122 85
10 167
31 67
94 25
58 24
33 86
25 45
21 46
93 43
117 24
26 94
22 51
129 84
36 82
73 93
107 103
5 126
15 69
81 80
7 67
92 120
106 36
111 52
39 94
102 52
156 126
92 129
122 53
93 3
58 129
21 81
70 86
21 33
86 33
51 36
17 136
57 121
147 59
57 139
51 15
100 4
71 86
38 97
28 24
69 25
22 38
86 7
151 114
81 5
3 35
120 117
73 6
66 82
175 7
75 6
130 35
21 116
111 86
147 94
92 53
25 121
33 17
72 2
152 25
61 34
168 159
108 51
155 154
69 138
127 101
150 26
121 100
156 129
45 107
67 53
110 118
39 72
5 6
130 127
25 104
139 72
19 120
18 45
45 2
141 29
163 59
114 24
132 5
110 116
51 111
30 13
125 9
7 26
72 64
32 40
147 1
55 84
67 74
115 99
68 82
5 16
97 3
89 146
60 90
159 3
99 118
62 57
127 59
83 11
69 4
81 167
59 82
155 82
114 11
2 119
72 61
92 17
2 15
39 156
64 111
13 92
19 111
30 6
111 122
107 72
143 47
127 74
27 102
86 59
58 107
108 59
9 58
78 53
21 34
74 148
14 85
112 69
30 84
3 131
3 26
127 76
122 4
6 68
8 136
34 78
111 35
104 25
19 82
63 104
166 154
42 84
118 17
114 2
110 129
66 93
29 11
31 41
139 11
38 4
57 107
110 127
21 45
111 59
71 42
97 46
148 15
25 87
163 86
119 58
125 92
94 129
78 10
68 9
120 4
107 64
29 118
110 2
61 52
125 136
108 118
17 118
89 75
23 25
4 43
85 136
110 3
123 98
100 110
126 94
80 178
22 25
86 29
125 68
92 9
19 43
143 3
68 6
127 69
40 45
121 23
70 103
135 2
22 3
6 121
38 129
31 61
24 174
102 15
7 174
52 84
111 1
6 102
50 84
81 47
81 121
99 1
142 35
168 59
143 84
111 129
104 97
33 43
86 52
26 118
100 59
94 53
147 113
57 136
74 64
51 24
51 32
104 36
105 3
119 25
15 86
19 46
3 87
156 121
108 15
58 174
59 11
143 1
58 26
99 127
54 49
29 145
71 102
63 151
160 86
110 22
85 93
122 1
110 1
63 118
130 72
166 143
49 65
81 78
59 35
2 124
2 93
102 51
22 74
2 7
149 35
139 19
128 29
131 136
137 44
45 63
34 45
127 62
78 142
17 3
64 74
154 143
115 2
62 11
127 125
70 54
144 84
19 148
101 57
92 25
74 47
124 1
12 72
130 76
73 4
127 91
31 42
71 24
28 122
50 11
19 5
77 46
41 86
28 85
20 19
140 127
85 1
130 94
88 131
38 118
28 136
111 25
58 119
149 118
2 102
64 114
135 17
130 157
102 64
114 86
61 44
60 40
3 46
138 113
57 35
57 6
54 75
16 129
39 17
129 9
19 68
118 38
78 47
8 143
48 59
44 72
27 148
58 41
21 47
156 1
127 89
31 73
127 148
141 113
40 60
74 32
92 121
69 108
40 174
78 107
71 84
94 39
61 148
127 98
18 106
115 5
75 179
61 4
26 35
90 69
51 46
71 111
53 9
86 67
58 101
44 74
63 91
108 114
19 102
84 59
40 3
36 93
120 19
82 26
61 38
18 26
74 23
49 26
85 5
110 46
71 81
30 25
92 11
104 148
31 167
33 127
28 84
114 32
57 9
25 52
90 127
15 78
127 58
34 93
69 45
69 12
86 121
14 121
51 114
73 71
28 42
2 69
25 97
72 87
58 42
156 84
78 102
27 59
7 11
123 86
93 38
158 86
4 118
156 35
100 26
70 17
107 32
130 103
123 17
31 63
127 26
121 43
168 26
23 17
31 9
53 23
25 85
28 107
95 86
28 142
21 65
81 152
137 100
93 7
21 11
155 17
68 29
107 65
108 77
33 128
111 118
66 4
129 86
130 2
85 121
139 4
89 157
21 98
31 23
7 65
115 86
127 106
130 29
71 15
38 3
101 12
5 94
19 58
2 82
9 63
62 19
50 29
22 87
104 17
130 26
102 53
86 28
30 9
107 78
7 94
90 61
127 75
71 3
27 3
37 65
70 65
127 65
58 32
2 40
57 125
124 72
44 120
80 79
45 82
134 45
122 59
93 35
156 111
86 31
67 2
12 110
39 136
127 99
157 43
66 59
14 3
2 136
93 84
139 74
115 121
36 86
33 102
71 51
125 52
16 118
25 174
173 172
115 78
45 36
102 36
63 9
2 36
118 94
92 127
60 46
127 147
174 11
31 111
75 130
18 65
110 19
141 36
81 23
2 16
115 74
78 87
111 46
14 117
23 51
17 129
68 125
5 23
15 61
88 11
70 31
147 84
81 136
166 1
60 111
86 5
19 115
78 59
125 99
19 29
157 5
32 11
78 103
80 111
102 2
130 140
48 36
26 3
39 11
153 166
28 86
75 36
138 137
49 59
57 3
50 86
122 64
126 3
46 82
22 24
81 92
59 65
31 103
14 74
155 8
126 42
94 84
111 9
2 23
30 70
102 23
19 114
49 72
27 25
66 25
127 25
129 24
101 127
127 11
61 120
86 161
26 6
44 113
127 102
39 126
58 86
104 82
125 86
25 84
27 103
41 1
2 142
44 86
64 38
118 11
94 59
75 98
44 84
14 82
110 86
7 129
105 127
105 78
156 82
4 42
149 111
86 87
78 80
74 142
64 4
58 102
73 52
49 33
110 44
139 29
74 135
51 148
156 26
30 53
127 1
47 51
39 129
107 1
21 86
131 45
139 94
21 123
105 121
99 92
104 103
14 86
111 64
108 124
78 111
84 82
2 61
110 93
68 72
86 129
139 92
121 17
15 111
3 53
7 40
61 36
78 23
89 70
63 58
92 86
77 22
33 25
6 19
17 86
45 23
143 8
44 23
108 44
102 17
161 86
6 81
84 42
53 25
12 2
70 1
111 17
147 43
64 86
44 38
107 34
78 32
77 25
71 22
69 93
100 154
73 78
68 15
54 144
77 4
62 45
84 3
130 17
38 87
111 53
49 84
155 59
82 174
6 110
122 6
57 129
61 122
128 121
6 75
18 121
94 35
78 35
100 30
23 53
138 15
143 153
120 58
12 36
59 22
92 81
85 25
4 65
14 52
57 53
3 84
18 1
128 85
27 29
128 78
81 17
49 87
85 61
93 24
59 135
36 85
25 129
66 36
70 24
81 70
70 78
15 110
81 10
25 35
31 115
10 81
2 1
84 23
115 34
57 50
141 53
8 155
4 136
54 125
115 9
18 127
19 48
28 129
60 11
8 118
35 52
57 92
78 141
126 16
111 105
29 68
60 82
148 74
47 44
19 41
94 3
122 136
23 40
134 36
19 152
49 124
70 72
2 65
18 6
81 103
33 110
165 97
34 74
36 1
115 19
108 4
50 19
59 28
93 28
23 2
5 83
66 98
120 44
78 148
137 112
70 127
163 89
53 52
85 34
52 82
35 82
45 149
33 74
3 74
65 142
93 82
155 11
66 26
128 169
114 72
130 74
102 118
29 45
127 53
74 1
22 81
88 84
85 111
10 30
47 3
114 9
29 136
47 11
172 9
41 113
44 26
118 1
153 26
130 40
41 118
19 149
52 40
114 22
81 38
24 43
44 85
100 138
30 105
74 3
127 6
123 102
33 36
21 2
78 40
80 47
121 9
58 78
34 52
126 59
127 30
114 45
91 94
40 35
87 22
35 118
3 59
111 2
109 60
106 173
29 9
121 36
85 15
58 23
100 52
128 25
12 19
123 121
99 26
57 39
32 123
74 24
69 110
51 4
78 82
31 12
111 51
142 129
61 124
6 92
163 25
67 36
73 107
2 105
92 24
119 86
22 136
57 115
130 146
111 36
30 2
71 78
81 12
86 123
78 6
105 92
61 86
90 8
12 119
41 19
122 35
22 40
18 131
64 136
30 127
31 53
132 96
39 87
118 40
34 81
105 19
115 125
82 118
100 2
45 22
90 129
45 72
3 107
174 118
128 127
73 32
120 30
22 4
135 111
100 127
110 84
57 31
61 93
44 137
131 91
28 111
107 81
114 23
44 121
86 17
3 86
92 36
78 114
46 87
81 127
27 84
102 78
70 105
151 22
139 110
8 3
126 9
126 17
92 105
39 35
64 47
86 118
142 61
71 52
52 35
7 5
19 26
71 64
18 35
93 42
91 78
74 111
86 167
63 47
128 74
128 40
101 58
50 128
105 46
74 25
106 11
67 103
84 40
53 84
122 82
33 47
102 1
156 4
160 72
141 72
56 1
147 86
127 115
119 98
61 32
29 59
82 11
155 143
85 64
76 127
30 118
50 67
58 148
71 74
58 89
78 31
91 103
19 167
163 11
139 10
33 144
80 78
69 107
19 40
156 40
22 35
28 93
1 38
86 61
4 72
6 15
124 129
49 121
31 107
47 32
62 2
70 89
40 82
53 86
74 22
27 6
52 25
53 74
73 103
72 23
100 8
118 3
87 1
110 12
133 1
102 121
4 23
64 59
72 111
63 123
122 11
16 78
12 102
123 52
76 113
64 11
121 129
76 15
5 61
127 82
19 105
101 102
157 1
38 23
31 136
5 26
139 45
71 73
154 9
25 93
53 121
129 174
70 9
21 15
2 72
74 86
102 25
45 131
127 57
86 135
110 25
127 70
42 1
102 45
129 82
13 29
93 61
111 22
26 17
86 25
118 59
7 62
87 34
24 45
19 32
51 152
131 118
15 45
138 148
26 40
105 102
46 72
58 85
69 34
116 2
35 17
114 65
92 107
127 15
31 59
82 59
108 53
97 38
86 12
21 114
88 3
4 129
34 53
123 32
27 70
22 11
92 68
6 125
30 11
86 81
114 98
44 59
168 58
75 25
21 9
40 94
143 59
105 26
68 26
61 64
34 46
67 128
48 25
31 43
52 59
137 138
78 1
142 76
110 11
100 25
70 2
110 4
177 56
143 154
111 148
90 93
75 140
98 127
34 82
86 111
6 89
72 46
86 114
62 7
45 3
78 61
128 20
19 15
71 103
73 2
139 3
68 1
57 62
107 87
91 9
25 152
74 40
27 11
33 53
45 25
2 94
47 58
78 152
139 124
44 45
2 46
23 64
151 86
19 17
93 5
70 36
97 72
100 51
149 59
66 118
123 11
15 12
86 134
28 152
2 63
82 45
73 64
86 107
42 59
24 74
72 45
121 40
26 57
59 91
90 52
107 50
87 51
102 74
128 144
5 3
61 1
19 81
81 89
4 26
76 35
128 33
31 6
68 25
78 2
126 129
70 121
101 76
97 22
102 59
2 59
71 46
86 78
130 85
28 59
102 97
111 40
81 11
127 103
40 111
77 1
97 64
1 74
125 25
76 130
139 61
2 139
12 15
100 9
47 19
78 4
78 33
58 84
101 19
104 1
140 58
78 81
94 11
99 52
100 70
71 129
102 47
7 64
12 4
22 114
139 6
61 11
63 69
123 79
19 31
81 35
81 19
138 112
64 45
15 7
44 111
78 69
90 84
154 11
69 44
22 43
48 22
78 46
42 9
48 6
50 180
118 84
30 29
25 17
64 23
107 35
19 78
137 69
74 114
61 117
81 59
151 152
44 30
130 33
126 4
22 2
118 111
90 115
155 166
77 11
44 46
69 22
111 82
81 130
108 3
22 72
2 121
51 25
81 75
34 97
85 59
94 156
75 89
108 2
126 38
100 40
0 106
48 69
24 84
14 35
41 22
7 63
134 86
154 59
110 78
155 94
174 82
14 17
70 33
66 52
119 65
62 46
111 93
77 72
27 35
18 103
91 123
46 86
2 135
134 53
22 46
45 135
15 107
57 2
143 9
41 9
51 118
73 121
25 119
53 65
19 127
141 10
71 6
130 3
2 103
25 61
108 47
110 15
32 45
54 81
128 2
138 4
107 82
131 53
67 82
41 84
93 64
128 107
130 15
38 9
131 3
130 42
67 72
71 2
30 121
47 78
149 107
32 114
100 53
115 25
40 38
81 71
142 11
75 86
28 48
106 0
72 22
92 99
90 154
163 2
31 7
111 23
123 51
127 4
58 169
163 46
41 33
14 43
92 4
154 82
111 77
22 48
119 78
144 105
66 3
110 121
67 52
116 110
78 42
3 40
66 42
30 26
139 25
104 65
54 107
127 110
58 82
9 38
92 76
44 123
104 53
57 19
124 108
66 9
53 3
44 108
31 72
62 95
44 3
130 77
2 80
159 168
77 52
67 5
100 94
93 85
86 46
144 97
2 41
23 87
118 86
45 53
143 113
46 23
22 34
121 5
76 97
24 25
27 118
125 115
121 61
86 38
75 5
144 86
166 155
18 110
119 127
147 26
137 9
22 111
115 105
111 98
45 64
78 74
151 82
6 127
81 73
14 118
30 51
86 32
114 59
36 52
78 84
59 3
129 165
18 0
68 57
126 40
142 65
158 2
15 139
49 74
19 86
29 128
123 91
64 121
19 45
19 12
100 136
111 107
21 85
142 53
94 136
58 140
107 11
105 87
166 153
31 54
92 34
79 11
147 121
101 114
161 51
64 65
49 11
70 110
73 123
25 36
3 42
108 32
15 102
5 157
66 1
105 4
29 26
