181
0 1
2 3
4 5
6 7
8 9
8 10
11 12
0 13
14 10
15 8
16 17
18 19
20 21
22 23
24 25
26 27
28 29
30 31
32 33
34 35
36 37
38 10
36 39
40 41
33 42
0 43
44 45
12 43
46 3
47 48
3 9
49 50
31 51
40 52
38 52
11 9
53 54
45 55
56 50
57 58
18 41
59 60
61 62
16 23
22 63
33 64
49 29
49 28
22 25
65 66
67 57
68 21
69 24
33 70
36 71
72 73
41 74
75 76
0 77
22 58
74 1
78 79
0 80
71 81
82 63
83 41
52 84
46 41
13 85
86 26
87 68
8 18
40 9
20 77
88 53
89 90
91 92
8 43
16 93
94 29
18 95
22 21
38 84
75 25
86 53
96 46
36 5
74 14
97 29
98 46
99 5
60 55
89 100
95 61
55 101
102 8
12 2
48 34
96 103
104 105
53 27
89 43
83 98
55 79
106 107
96 19
51 108
31 109
94 110
52 1
111 12
53 6
14 11
44 99
38 12
112 21
40 19
96 62
28 113
114 115
11 25
10 2
15 3
20 9
91 21
102 46
0 3
65 23
57 9
116 50
99 94
117 51
118 101
97 119
111 1
13 8
55 120
121 78
10 41
8 115
82 77
97 122
98 52
11 46
82 31
33 38
20 10
62 95
12 123
52 92
72 124
7 37
1 68
94 50
13 43
94 71
13 68
125 25
115 34
76 126
11 14
2 43
0 14
2 68
89 83
86 36
18 115
102 12
114 93
11 43
36 127
114 89
67 42
71 78
94 101
83 68
1 92
37 128
112 96
94 119
97 68
75 34
107 49
42 49
69 58
121 79
25 23
69 129
130 53
114 65
5 35
36 35
89 25
85 68
38 43
38 68
114 131
38 21
60 99
91 43
120 29
3 66
75 132
74 3
82 29
112 98
8 112
69 57
82 133
107 28
134 79
112 133
18 8
28 100
38 66
18 74
42 70
96 9
33 57
42 41
10 9
82 92
79 5
102 3
74 135
114 103
89 52
2 21
18 93
22 46
102 1
114 30
121 36
11 50
38 46
91 77
99 60
91 2
33 32
97 19
6 37
136 69
96 0
74 18
136 22
120 94
78 37
0 52
114 133
88 137
16 138
69 3
11 66
96 12
86 79
91 13
8 3
116 73
7 139
122 21
43 119
10 19
75 35
70 69
64 61
67 22
140 28
43 92
141 42
141 22
133 117
19 21
38 114
74 2
104 142
42 68
37 39
98 82
91 10
18 97
143 25
22 50
43 66
89 46
120 79
33 68
74 123
83 61
82 66
61 68
20 43
75 144
75 59
34 50
145 35
37 81
98 41
104 131
102 123
136 57
114 82
25 50
71 146
49 119
82 9
12 80
8 2
14 20
74 62
147 25
14 2
120 101
137 35
99 132
148 132
63 108
46 14
99 120
64 21
112 43
83 131
90 115
57 149
70 57
52 77
102 52
69 67
92 9
95 21
74 97
99 101
48 140
39 99
91 14
150 131
2 65
18 61
18 68
104 151
11 95
6 54
9 20
138 56
116 72
11 102
35 152
46 66
83 25
7 54
75 118
1 12
103 3
15 85
53 130
49 25
12 77
108 146
46 2
74 12
53 134
11 21
11 61
13 46
89 41
134 45
79 36
46 65
61 9
1 11
123 68
107 119
134 44
57 49
57 22
86 45
98 114
96 153
28 34
95 62
154 23
137 155
90 153
77 43
57 52
138 113
0 84
18 11
104 156
155 88
0 2
32 157
45 86
38 82
107 34
89 3
70 157
39 79
15 66
130 139
89 95
61 123
35 99
11 18
106 37
0 21
77 123
102 10
46 20
22 19
97 85
2 84
78 86
11 15
12 68
75 88
75 27
19 22
11 93
91 84
114 12
75 28
27 116
130 7
88 155
90 96
38 112
130 48
2 66
70 22
94 39
96 77
38 64
115 28
59 48
77 100
38 22
70 32
136 70
98 83
20 2
148 25
52 66
60 158
41 12
112 50
77 84
84 2
94 44
1 62
59 71
91 9
38 77
128 159
12 14
114 3
118 60
102 13
13 52
88 93
96 114
34 48
94 120
114 46
27 35
52 43
97 9
20 3
11 65
15 95
38 70
46 19
18 21
101 55
160 25
2 77
83 3
52 2
2 9
11 74
43 21
157 129
40 14
37 35
36 94
38 33
66 93
141 129
98 103
122 97
46 97
3 20
48 28
7 71
41 21
79 35
136 12
59 118
86 7
12 95
113 138
11 29
114 9
69 41
99 45
52 14
142 104
13 20
90 161
70 41
62 97
12 15
101 60
13 21
12 0
93 132
53 39
90 112
99 29
114 66
108 63
42 38
113 28
90 131
13 65
144 106
82 38
86 37
77 3
96 89
83 114
112 114
61 85
40 21
56 93
12 41
155 144
3 92
74 100
8 13
147 107
14 19
47 93
74 41
36 44
57 125
162 163
61 21
59 99
8 119
13 41
40 102
67 69
98 112
99 44
55 71
77 10
33 141
40 92
107 29
41 68
8 66
118 120
158 35
52 93
38 164
69 132
114 52
53 86
45 99
66 84
86 71
34 145
19 62
102 65
69 29
103 43
52 29
66 2
116 124
112 66
159 128
108 148
15 10
159 55
11 13
59 94
42 57
38 131
74 0
47 107
58 22
31 63
27 5
83 52
92 65
22 64
38 92
27 158
19 14
25 29
88 158
134 165
133 63
46 95
2 102
38 95
92 3
40 1
69 21
94 128
45 71
74 102
88 75
16 56
77 2
13 77
27 75
96 82
136 29
13 2
60 101
145 110
38 132
116 27
83 43
12 9
82 96
114 77
166 167
144 75
27 139
1 66
115 132
113 56
34 132
117 31
69 157
94 159
134 60
57 46
19 46
82 112
12 66
1 13
12 21
67 38
130 132
42 69
102 20
36 128
66 65
168 165
97 62
75 163
68 62
27 86
97 21
143 23
88 106
84 9
20 91
137 132
22 136
69 68
18 9
114 95
13 10
2 52
121 39
98 21
126 76
25 143
134 101
88 144
69 49
45 50
114 25
57 67
84 3
40 66
62 68
15 46
92 43
161 119
16 25
155 27
8 123
10 21
69 93
10 77
90 25
37 99
51 117
30 117
52 46
1 93
81 128
22 42
1 85
59 155
68 103
9 43
136 33
30 29
77 9
45 128
165 168
8 77
133 31
141 70
57 38
83 96
12 11
115 107
42 67
30 63
4 86
0 68
66 49
19 20
74 8
27 76
13 14
90 62
169 68
115 90
80 43
128 99
170 155
44 93
9 52
66 0
70 33
69 33
12 3
60 78
58 33
27 37
74 103
120 39
56 113
74 43
8 102
120 25
141 136
46 84
95 68
48 107
114 49
36 60
70 52
83 90
69 66
69 136
45 35
13 12
57 70
155 59
8 14
38 97
94 59
102 80
65 123
53 36
66 43
161 93
18 92
65 92
102 43
43 20
38 69
18 1
96 83
70 129
14 66
33 58
66 68
115 14
108 31
114 83
97 132
134 37
1 77
61 95
114 31
134 94
70 25
95 85
3 77
118 128
45 60
30 133
72 76
30 146
84 85
81 99
91 40
10 20
145 25
12 92
163 162
83 12
86 121
7 86
56 28
88 27
88 126
62 171
6 86
23 132
34 107
3 65
137 93
45 101
55 128
70 149
67 70
14 77
55 159
24 23
75 137
28 48
141 149
58 42
38 9
138 16
78 94
80 3
27 79
82 131
101 29
98 153
70 141
115 123
15 12
51 63
6 139
88 148
10 91
97 123
37 36
40 20
107 48
89 49
82 90
137 144
0 20
112 90
69 42
10 43
57 42
90 114
96 68
77 66
18 13
136 141
94 86
154 25
2 91
13 102
81 110
107 147
88 76
84 21
12 52
14 122
84 66
112 38
134 36
13 9
82 10
120 71
14 84
102 91
78 36
10 123
27 155
26 172
19 68
22 14
113 110
84 43
82 46
33 67
39 127
19 85
41 83
54 53
90 38
11 85
15 77
68 61
38 100
41 70
28 138
14 93
30 50
18 131
10 3
57 15
22 70
56 16
114 38
79 39
66 9
52 41
12 93
43 80
19 11
114 112
82 117
67 141
83 21
138 49
94 5
41 14
14 29
148 29
3 43
1 46
91 20
114 92
97 3
46 43
69 141
26 29
89 131
38 65
30 51
70 49
145 34
36 99
69 38
38 3
81 101
2 92
47 35
133 30
99 35
14 65
79 86
36 86
75 155
99 119
45 152
97 92
81 71
3 2
14 3
46 125
35 5
38 20
31 108
80 92
94 25
99 39
134 53
97 95
59 29
2 10
144 137
57 33
13 80
28 56
98 89
68 64
8 84
82 98
28 107
90 83
11 97
12 62
74 92
96 66
173 21
3 80
72 116
20 65
33 69
4 54
90 8
94 78
63 51
22 32
83 89
55 60
23 143
101 99
45 36
38 174
114 21
14 85
1 3
74 15
90 93
39 35
82 17
117 63
13 15
7 53
141 57
115 35
112 82
97 14
139 53
141 157
6 53
62 61
53 162
42 21
38 85
26 86
2 14
112 68
78 101
14 80
31 146
11 68
140 48
68 85
11 132
16 119
112 85
7 130
15 52
2 80
98 62
84 65
82 21
81 60
14 46
22 38
91 66
103 62
90 98
86 78
103 21
14 92
98 3
49 138
49 93
63 117
39 45
81 35
98 43
88 26
27 26
13 91
82 51
23 25
137 75
82 3
74 85
98 19
41 98
89 125
141 38
65 12
38 136
89 114
94 36
64 68
157 32
82 52
85 95
18 123
1 21
175 68
55 44
57 93
46 77
114 98
69 64
46 9
1 123
102 2
9 46
94 37
122 29
65 93
14 43
28 140
12 65
130 79
112 8
86 27
97 66
144 155
82 65
1 43
41 40
152 35
18 171
15 13
8 85
46 21
88 170
74 52
54 146
53 7
22 132
86 6
115 11
160 23
74 20
1 52
36 120
74 95
0 66
19 95
45 158
82 95
70 123
83 112
133 108
114 90
18 153
45 44
19 1
53 139
90 82
176 125
118 59
18 14
1 65
42 33
82 43
47 132
14 52
11 123
53 37
18 102
46 92
114 153
89 10
13 3
3 10
59 101
70 95
120 158
66 3
18 62
134 86
45 94
8 1
18 65
82 114
59 39
59 36
125 176
9 66
28 110
96 2
9 68
57 69
16 113
42 22
38 177
80 65
118 158
53 71
70 38
102 11
14 9
33 22
7 6
96 90
144 88
102 40
69 123
76 27
64 95
82 153
3 84
86 120
128 81
161 68
113 93
99 145
111 25
98 90
41 52
81 55
79 99
31 117
178 53
121 37
15 9
49 23
179 50
116 4
16 146
98 66
20 40
90 89
2 100
77 20
82 30
1 10
83 8
57 64
13 84
112 9
89 20
90 49
6 132
125 93
34 47
19 61
118 29
111 68
70 14
11 8
83 9
45 39
64 97
118 71
38 141
74 9
13 1
52 97
89 119
61 11
40 77
99 152
82 83
1 9
120 55
18 132
52 3
102 21
102 84
102 62
82 93
115 18
136 38
36 134
88 35
150 151
37 94
1 14
74 21
52 9
120 36
112 1
94 79
12 13
145 99
14 132
15 43
177 38
94 45
108 51
89 66
68 95
26 60
22 31
168 23
98 68
94 60
94 99
92 80
8 20
38 57
82 108
90 50
22 68
14 21
145 37
20 92
14 62
108 100
57 32
98 9
83 82
11 41
61 66
69 43
81 44
38 90
78 71
26 71
112 100
18 66
102 74
77 92
82 132
43 77
47 34
70 132
38 93
96 52
77 14
75 48
138 28
15 21
61 132
121 86
27 88
19 97
141 33
82 85
43 84
23 146
60 119
66 52
9 65
125 148
85 21
94 55
2 85
114 43
57 157
75 162
43 65
158 101
21 85
33 136
114 10
86 134
22 62
12 20
85 64
85 97
180 148
43 3
13 92
96 175
38 115
75 94
130 94
59 44
18 12
76 37
115 25
40 91
114 8
39 44
102 0
84 20
16 29
72 29
82 68
23 29
11 52
84 77
22 29
74 68
26 101
30 93
15 68
82 49
133 51
69 70
57 136
49 132
12 18
11 92
12 19
99 158
174 25
115 68
57 68
76 35
8 21
9 21
35 29
77 91
117 108
8 15
112 83
72 4
8 68
112 3
22 33
75 140
14 68
118 55
57 132
18 46
102 66
115 93
141 67
96 98
30 108
34 28
13 66
33 157
26 76
98 96
96 3
74 66
175 21
36 101
54 139
56 48
89 68
89 23
102 9
89 132
64 85
142 131
96 65
70 42
52 21
71 36
56 138
70 67
14 91
36 79
128 35
58 67
40 2
74 13
38 2
20 66
141 69
71 101
98 131
78 128
115 48
89 1
118 99
111 50
65 9
12 102
22 52
36 45
28 37
12 84
11 77
138 146
112 93
82 89
103 68
41 69
78 99
137 88
42 64
112 89
12 10
82 84
99 25
136 93
81 29
114 96
27 29
12 85
0 46
7 132
36 55
70 58
51 31
69 32
138 132
71 120
9 2
120 5
34 140
12 136
112 131
0 92
106 50
92 66
65 2
63 31
53 127
28 93
28 49
26 88
128 55
70 64
11 62
40 10
158 99
43 50
38 67
102 85
18 3
43 2
40 46
30 17
55 78
102 14
96 112
94 127
12 1
69 20
0 9
88 5
74 11
11 1
99 36
57 141
89 21
75 110
96 43
112 52
14 97
108 117
57 21
80 66
107 93
90 68
88 116
91 65
12 74
53 44
115 38
14 50
113 16
177 93
116 76
2 20
69 22
91 3
83 153
70 136
97 64
89 98
22 141
102 68
89 9
106 155
120 86
46 85
92 2
84 92
102 77
45 81
155 137
102 95
94 134
11 19
69 9
106 144
11 3
102 92
102 97
38 42
22 67
36 78
130 86
71 53
