0 --> [1, 20, 21, 24, 26, 38, 43, 48, 49, 53, 58, 59, 63, 70, 72, 73, 79, 84, 91, 92, 102, 109, 114, 115, 122]
1 --> [0, 2, 8, 12, 20, 25, 38, 44, 47, 53, 58, 69, 73, 83, 97, 109, 118, 122, 129, 154, 155, 163, 185, 213]
2 --> [1, 3, 4, 5, 8, 9, 12, 15, 16, 17, 18, 20, 21, 24, 26, 27, 28, 30, 31, 32, 37, 38, 40, 43, 46, 47, 48, 49, 51, 52, 53, 54, 55, 57, 58, 59, 62, 63, 64, 65, 67, 68, 72, 73, 77, 79, 81, 86, 90, 91, 92, 98, 99, 103, 114, 117, 134, 140, 145, 159, 168]
3 --> [2, 6, 8, 12, 13, 14, 16, 17, 19, 21, 24, 25, 27, 31, 36, 38, 40, 42, 47, 48, 52, 54, 62, 64, 68, 69, 72, 81, 84, 86, 90, 91, 98, 99, 102, 105, 134, 140, 147]
4 --> [2, 5, 17, 24, 28, 31, 32, 35, 40, 45, 54, 72, 77, 85, 87, 89, 98, 145]
5 --> [2, 4, 6, 14, 17, 27, 28, 35, 41, 45, 48, 52, 54, 72, 77, 82, 85, 87, 89, 95, 111, 116, 129]
6 --> [3, 5, 7, 12, 13, 24, 38, 52, 62, 90, 91, 92]
7 --> [6, 20, 139, 167]
8 --> [1, 2, 3, 9, 12, 15, 24, 25, 26, 27, 31, 38, 40, 46, 48, 49, 50, 52, 53, 55, 58, 59, 61, 62, 63, 64, 70, 72, 79, 82, 90, 91, 92, 99, 104, 114, 115, 134, 140, 145, 163, 168, 173, 182]
9 --> [2, 8, 12, 13, 20, 21, 29, 30, 36, 38, 40, 47, 53, 54, 58, 59, 63, 69, 73, 75, 79, 90, 91, 95, 99, 104, 118, 123, 145]
10 --> [11, 22, 149, 155]
11 --> [10, 12, 17, 22, 23, 28, 30, 33, 34, 37, 40, 45, 54, 62, 66, 68, 71, 72, 85, 99, 106, 107, 119, 120, 124, 125, 126, 127, 137, 140, 141, 144, 149, 150, 151, 152, 155, 161, 162, 166, 169, 170, 171, 174, 177, 183, 184, 186, 191, 193, 204, 207, 209, 212]
12 --> [1, 2, 3, 6, 8, 9, 11, 13, 16, 20, 21, 26, 31, 38, 40, 45, 46, 47, 48, 49, 54, 58, 59, 61, 62, 63, 64, 72, 73, 77, 84, 90, 91, 92, 93, 96, 98, 106, 114, 134, 140, 159, 168, 173]
13 --> [3, 6, 9, 12, 20, 47, 63, 64, 73, 82, 90, 104, 134]
14 --> [3, 5, 15, 17, 18, 19, 20, 27, 28, 29, 31, 40, 45, 46, 48, 51, 52, 54, 62, 65, 67, 68, 77, 78, 81, 89, 95, 96, 99, 111, 129, 133, 152, 160, 172, 178, 190, 192]
15 --> [2, 8, 14, 16, 26, 40, 46, 48, 52, 62, 65, 67, 93, 99, 103, 117, 134, 146, 175]
16 --> [2, 3, 12, 15, 17, 18, 19, 20, 21, 26, 27, 28, 30, 31, 37, 38, 40, 46, 48, 52, 54, 57, 62, 63, 64, 65, 67, 68, 77, 93, 98, 99, 103, 114, 117, 140, 152, 159]
17 --> [2, 3, 4, 5, 11, 14, 16, 18, 20, 22, 24, 25, 26, 27, 28, 31, 32, 35, 36, 37, 38, 39, 40, 41, 43, 45, 47, 48, 51, 52, 54, 61, 62, 64, 65, 67, 68, 69, 70, 72, 76, 77, 82, 85, 87, 88, 89, 92, 97, 98, 101, 102, 110, 111, 116, 122, 128, 129, 133, 134, 140, 147, 152, 160, 165, 208]
18 --> [2, 14, 16, 17, 19, 20, 24, 28, 29, 32, 40, 41, 48, 54, 60, 67, 68, 72, 81, 89, 90, 92, 96, 105, 106, 117, 128, 140, 152, 168, 190]
19 --> [3, 14, 16, 18, 20, 40, 48, 72, 81, 96, 98, 106, 140]
20 --> [0, 1, 2, 7, 9, 12, 13, 14, 16, 17, 18, 19, 21, 24, 38, 43, 47, 48, 54, 55, 57, 58, 62, 64, 69, 70, 72, 73, 75, 79, 81, 83, 84, 89, 90, 91, 92, 96, 97, 99, 104, 106, 109, 115, 118, 122, 123, 130, 138, 168, 172, 192]
21 --> [0, 2, 3, 9, 12, 16, 20, 24, 25, 26, 32, 35, 36, 38, 39, 40, 45, 47, 48, 49, 54, 58, 59, 62, 63, 64, 68, 69, 72, 77, 81, 82, 90, 91, 95, 96, 97, 98, 99, 102, 103, 106, 122, 127, 140, 164, 197]
22 --> [10, 11, 17, 23, 30, 33, 34, 37, 40, 66, 68, 71, 74, 80, 94, 120, 121, 124, 125, 126, 135, 136, 137, 144, 149, 155, 156, 161, 162, 169, 170, 174, 176, 177, 184, 205, 209]
23 --> [11, 22, 24, 56, 58, 107, 112, 131, 141, 142, 144, 145, 150, 151, 157, 166, 170, 171, 177, 191]
24 --> [0, 2, 3, 4, 6, 8, 17, 18, 20, 21, 23, 25, 26, 31, 32, 38, 42, 46, 47, 48, 49, 52, 53, 54, 55, 61, 62, 64, 68, 71, 72, 73, 75, 77, 79, 81, 84, 85, 89, 90, 98, 99, 102, 106, 114, 118, 129, 134, 140, 147, 152, 181]
25 --> [1, 3, 8, 17, 21, 24, 26, 38, 40, 45, 46, 49, 52, 53, 54, 64, 68, 69, 72, 79, 82, 134, 147, 159, 165]
26 --> [0, 2, 8, 12, 15, 16, 17, 21, 24, 25, 27, 31, 36, 38, 40, 47, 48, 53, 54, 64, 65, 67, 68, 69, 70, 73, 79, 82, 89, 93, 95, 103, 105, 106, 109, 117, 134, 147]
27 --> [2, 3, 5, 8, 14, 16, 17, 26, 28, 31, 40, 41, 45, 46, 48, 52, 54, 62, 65, 67, 68, 77, 89, 93, 96, 99, 103, 111, 140, 175]
28 --> [2, 4, 5, 11, 14, 16, 17, 18, 27, 32, 35, 36, 37, 40, 41, 45, 48, 51, 54, 55, 65, 67, 68, 72, 76, 77, 82, 85, 86, 88, 89, 95, 98, 103, 105, 110, 117, 128, 129, 132, 153]
29 --> [9, 14, 18, 30, 40, 48, 55, 60, 62, 68, 78, 81, 92, 96, 117, 152]
30 --> [2, 9, 11, 16, 22, 29, 32, 34, 37, 41, 47, 48, 54, 58, 68, 72, 90, 93, 96, 99, 102, 103, 104, 106, 122, 124, 125, 126, 127, 129, 135, 137, 140, 141, 144, 152, 162, 176, 189, 196, 197, 206, 207, 211]
31 --> [2, 3, 4, 8, 12, 14, 16, 17, 24, 26, 27, 35, 36, 37, 40, 41, 45, 46, 48, 52, 54, 62, 65, 67, 68, 72, 77, 85, 86, 93, 96, 99, 103, 140, 172, 175]
32 --> [2, 4, 17, 18, 21, 24, 28, 30, 38, 40, 45, 50, 54, 63, 64, 65, 68, 72, 82, 85, 87, 89, 93, 102, 111, 114, 117, 129, 133, 159, 164]
33 --> [11, 22, 34, 57, 66, 169]
34 --> [11, 22, 30, 33, 66, 71, 94, 120, 125, 135, 136, 149, 156]
35 --> [4, 5, 17, 21, 28, 31, 36, 38, 40, 41, 45, 51, 54, 59, 64, 68, 72, 76, 77, 85, 87, 88, 95, 98, 105, 153]
36 --> [3, 9, 17, 21, 26, 28, 31, 35, 38, 40, 45, 50, 53, 54, 57, 59, 62, 63, 64, 68, 72, 77, 82, 85, 86, 87, 105, 114, 115, 138, 165]
37 --> [2, 11, 16, 17, 22, 28, 30, 31, 39, 40, 52, 54, 55, 60, 61, 68, 72, 77, 80, 85, 87, 93, 97, 99, 110, 115, 127, 145, 152, 160, 182, 190]
38 --> [0, 1, 2, 3, 6, 8, 9, 12, 16, 17, 20, 21, 24, 25, 26, 32, 35, 36, 40, 42, 43, 45, 47, 48, 49, 51, 52, 53, 54, 58, 59, 62, 63, 64, 68, 69, 72, 75, 77, 82, 84, 89, 90, 91, 92, 97, 99, 102, 103, 110, 115, 129, 147, 152, 165, 194]
39 --> [17, 21, 37, 45, 49, 51, 54, 59, 68, 77, 79, 85, 95, 182, 190]
40 --> [2, 3, 4, 8, 9, 11, 12, 14, 15, 16, 17, 18, 19, 21, 22, 25, 26, 27, 28, 29, 31, 32, 35, 36, 37, 38, 41, 45, 46, 49, 51, 52, 53, 54, 55, 57, 61, 62, 63, 64, 65, 67, 68, 70, 72, 76, 77, 79, 80, 81, 82, 85, 86, 87, 88, 89, 92, 93, 95, 97, 98, 99, 101, 102, 105, 109, 110, 111, 114, 115, 117, 128, 129, 134, 145, 147, 152, 160, 163, 172, 175, 187, 200]
41 --> [5, 17, 18, 27, 28, 30, 31, 35, 40, 45, 48, 51, 52, 54, 68, 72, 77, 87, 89, 95, 100, 111, 116, 128, 129, 133, 134]
42 --> [3, 24, 38, 53, 79, 114]
43 --> [0, 2, 17, 20, 38, 44, 47, 54, 58, 70, 72, 75, 84, 89, 90, 91, 92, 99, 109, 115, 122, 123, 159, 168]
44 --> [1, 43, 50]
45 --> [4, 5, 11, 12, 14, 17, 21, 25, 27, 28, 31, 32, 35, 36, 38, 39, 40, 41, 54, 59, 64, 68, 72, 76, 77, 85, 87, 88, 89, 95, 98, 100, 102, 105, 111, 117, 128, 129, 133, 134, 152, 153, 165]
46 --> [2, 8, 12, 14, 15, 16, 24, 25, 27, 31, 40, 47, 48, 52, 54, 64, 65, 67, 72, 79, 81, 84, 99, 103, 117, 146, 175]
47 --> [1, 2, 3, 9, 12, 13, 17, 20, 21, 24, 26, 30, 38, 43, 46, 49, 52, 53, 57, 58, 59, 62, 63, 64, 73, 75, 79, 80, 81, 82, 83, 90, 91, 92, 97, 99, 104, 106, 109, 114, 122, 130, 134, 140, 145, 146, 159, 163, 168]
48 --> [0, 2, 3, 5, 8, 12, 14, 15, 16, 17, 18, 19, 20, 21, 24, 26, 27, 28, 29, 30, 31, 38, 41, 46, 49, 52, 54, 55, 58, 59, 62, 63, 64, 67, 68, 72, 77, 79, 82, 84, 87, 91, 92, 93, 96, 99, 101, 103, 111, 114, 117, 134]
49 --> [0, 2, 8, 12, 21, 24, 25, 38, 39, 40, 47, 48, 51, 54, 63, 64, 68, 72, 75, 77, 78, 79, 84, 91, 99, 102, 140, 152]
50 --> [8, 32, 36, 44, 86, 164, 187, 208]
51 --> [2, 14, 17, 28, 35, 38, 39, 40, 41, 49, 54, 55, 68, 72, 77, 79, 85, 98, 105, 129, 145, 152]
52 --> [2, 3, 5, 6, 8, 14, 15, 16, 17, 24, 25, 27, 31, 37, 38, 40, 41, 46, 47, 48, 54, 62, 63, 64, 65, 67, 72, 77, 78, 84, 89, 91, 92, 99, 103, 115, 117, 146, 147, 148, 168, 175]
53 --> [0, 1, 2, 8, 9, 24, 25, 26, 36, 38, 40, 42, 47, 64, 68, 69, 75, 79, 82, 84, 99, 106, 114, 129, 145, 152]
54 --> [2, 3, 4, 5, 9, 11, 12, 14, 16, 17, 18, 20, 21, 24, 25, 26, 27, 28, 30, 31, 32, 35, 36, 37, 38, 39, 40, 41, 43, 45, 46, 48, 49, 51, 52, 55, 58, 62, 64, 65, 67, 68, 69, 70, 72, 76, 77, 79, 81, 82, 84, 85, 87, 88, 89, 90, 91, 92, 93, 95, 98, 99, 102, 103, 104, 105, 110, 111, 114, 116, 117, 122, 128, 129, 133, 134, 145, 147, 152, 160]
55 --> [2, 8, 20, 24, 28, 29, 37, 40, 48, 51, 54, 61, 62, 68, 72, 75, 77, 81, 82, 90, 96, 98, 103, 106, 117, 122, 140, 152, 168]
56 --> [23, 57, 61, 112, 141, 142, 145, 166]
57 --> [2, 16, 20, 33, 36, 40, 47, 56, 72, 75, 81, 84, 100, 106, 120, 126, 147, 164]
58 --> [0, 1, 2, 8, 9, 12, 20, 21, 23, 30, 38, 43, 47, 48, 54, 59, 60, 63, 64, 69, 70, 72, 73, 75, 77, 82, 83, 84, 92, 97, 99, 101, 102, 104, 106, 114, 118, 122, 123, 129, 141, 165, 172]
59 --> [0, 2, 8, 9, 12, 21, 35, 36, 38, 39, 45, 47, 48, 58, 68, 69, 70, 73, 77, 82, 84, 90, 91, 92, 101, 102, 118, 123, 165, 168]
60 --> [18, 29, 37, 58, 80, 96, 159]
61 --> [8, 12, 17, 24, 37, 40, 55, 56, 63, 64, 68, 72, 90, 97, 161]
62 --> [2, 3, 6, 8, 11, 12, 14, 15, 16, 17, 20, 21, 24, 27, 29, 31, 36, 38, 40, 47, 48, 52, 54, 55, 63, 65, 67, 69, 72, 75, 79, 81, 82, 84, 86, 89, 90, 91, 92, 93, 96, 97, 98, 99, 102, 103, 106, 117, 118, 134, 140, 147, 164, 168, 172, 195, 207]
63 --> [0, 2, 8, 9, 12, 13, 16, 21, 32, 36, 38, 40, 47, 48, 49, 52, 58, 61, 62, 64, 67, 69, 79, 82, 92, 93, 99, 101, 103, 104, 105, 117, 123, 129, 140]
64 --> [2, 3, 8, 12, 13, 16, 17, 20, 21, 24, 25, 26, 32, 35, 36, 38, 40, 45, 46, 47, 48, 49, 52, 53, 54, 58, 61, 63, 68, 69, 72, 75, 79, 83, 85, 86, 97, 99, 101, 105, 112, 122, 123, 152, 154]
65 --> [2, 14, 15, 16, 17, 26, 27, 28, 31, 32, 40, 46, 52, 54, 62, 68, 77, 93, 99, 103, 111, 152, 175]
66 --> [11, 22, 33, 34, 71, 74, 94, 120, 135, 136, 149, 156]
67 --> [2, 14, 15, 16, 17, 18, 26, 27, 28, 31, 40, 46, 48, 52, 54, 62, 63, 68, 72, 78, 82, 93, 99, 103, 117, 134]
68 --> [2, 3, 11, 14, 16, 17, 18, 21, 22, 24, 25, 26, 27, 28, 29, 30, 31, 32, 35, 36, 37, 38, 39, 40, 41, 45, 48, 49, 51, 53, 54, 55, 59, 61, 64, 65, 67, 73, 77, 79, 81, 82, 83, 85, 87, 89, 91, 93, 97, 98, 101, 103, 105, 109, 110, 111, 114, 117, 118, 129, 133, 134, 143, 147, 152, 160, 165, 199]
69 --> [1, 3, 9, 17, 20, 21, 25, 26, 38, 53, 54, 58, 59, 62, 63, 64, 72, 84, 90, 91, 92, 114, 122, 145, 155, 173, 181, 182]
70 --> [0, 8, 17, 20, 26, 40, 43, 54, 58, 59, 78, 84, 90, 91, 92, 104, 114, 115, 122, 168, 200]
71 --> [11, 22, 24, 34, 66, 74, 94, 135, 136, 149, 155, 156]
72 --> [0, 2, 3, 4, 5, 8, 11, 12, 17, 18, 19, 20, 21, 24, 25, 28, 30, 31, 32, 35, 36, 37, 38, 40, 41, 43, 45, 46, 48, 49, 51, 52, 54, 55, 57, 58, 61, 62, 64, 67, 69, 77, 79, 81, 82, 84, 85, 88, 89, 90, 92, 96, 97, 98, 99, 102, 103, 105, 110, 111, 115, 117, 122, 128, 134, 138, 140, 145, 147, 152, 160, 165, 168, 178, 200, 203]
73 --> [0, 1, 2, 9, 12, 13, 20, 24, 26, 47, 58, 59, 68, 109, 118, 134, 179]
74 --> [22, 66, 71, 94, 149, 156]
75 --> [9, 20, 24, 38, 43, 47, 49, 53, 55, 57, 58, 62, 64, 79, 83, 90, 92, 114, 122, 145]
76 --> [17, 28, 35, 40, 45, 54, 77, 85, 87, 98, 100, 110, 111, 129, 133]
77 --> [2, 4, 5, 12, 14, 16, 17, 21, 24, 27, 28, 31, 35, 36, 37, 38, 39, 40, 41, 45, 48, 49, 51, 52, 54, 55, 58, 59, 65, 68, 72, 76, 79, 84, 85, 87, 88, 89, 95, 98, 100, 105, 114, 116, 129, 145]
78 --> [14, 29, 49, 52, 67, 70, 117, 159, 178]
79 --> [0, 2, 8, 9, 20, 24, 25, 26, 39, 40, 42, 46, 47, 48, 49, 51, 53, 54, 62, 63, 64, 68, 72, 75, 77, 81, 84, 85, 86, 90, 91, 98, 99, 102, 106, 122, 140, 158, 194]
80 --> [22, 37, 40, 47, 60, 90, 92, 97]
81 --> [2, 3, 14, 18, 19, 20, 21, 24, 29, 40, 46, 47, 54, 55, 57, 62, 68, 72, 79, 82, 84, 90, 96, 99, 101, 102, 106, 140, 190]
82 --> [5, 8, 13, 17, 21, 25, 26, 28, 32, 36, 38, 40, 47, 48, 53, 54, 55, 58, 59, 62, 63, 67, 68, 72, 81, 83, 89, 91, 92, 95, 103, 111, 117, 122, 147, 152, 159, 199]
83 --> [1, 20, 47, 58, 64, 68, 75, 82, 84, 90, 92]
84 --> [0, 3, 12, 20, 24, 38, 43, 46, 48, 49, 52, 53, 54, 57, 58, 59, 62, 69, 70, 72, 77, 79, 81, 83, 85, 90, 91, 97, 99, 101, 102, 114, 122, 143, 165, 182]
85 --> [4, 5, 11, 17, 24, 28, 31, 32, 35, 36, 37, 39, 40, 45, 51, 54, 64, 68, 72, 76, 77, 79, 84, 87, 88, 95, 105, 111, 114, 118, 138, 200]
86 --> [2, 3, 28, 31, 36, 40, 50, 62, 64, 79, 108, 110, 134, 147, 159, 208]
87 --> [4, 5, 17, 32, 35, 36, 37, 40, 41, 45, 48, 54, 68, 76, 77, 85, 88, 89, 98, 105, 129, 133, 140, 147, 152, 153]
88 --> [17, 28, 35, 40, 45, 54, 72, 77, 85, 87, 89, 98, 100, 105, 116, 129]
89 --> [4, 5, 14, 17, 18, 20, 24, 26, 27, 28, 32, 38, 40, 41, 43, 45, 52, 54, 62, 68, 72, 77, 82, 87, 88, 92, 98, 102, 110, 111, 122, 134, 147, 183]
90 --> [2, 3, 6, 8, 9, 12, 13, 18, 20, 21, 24, 30, 38, 43, 47, 54, 55, 59, 61, 62, 69, 70, 72, 75, 79, 80, 81, 83, 84, 91, 92, 96, 97, 99, 101, 104, 106, 122, 140, 145, 147, 168]
91 --> [0, 2, 3, 6, 8, 9, 12, 20, 21, 38, 43, 47, 48, 49, 52, 54, 59, 62, 68, 69, 70, 79, 82, 84, 90, 92, 97, 99, 106, 114, 134, 140, 168, 210]
92 --> [0, 2, 6, 8, 12, 17, 18, 20, 29, 38, 40, 43, 47, 48, 52, 54, 58, 59, 62, 63, 69, 70, 72, 75, 80, 82, 83, 89, 90, 91, 93, 97, 99, 102, 115, 123]
93 --> [12, 15, 16, 26, 27, 30, 31, 32, 37, 40, 48, 54, 62, 63, 65, 67, 68, 92, 95, 99, 103, 105, 117, 152, 160, 203]
94 --> [22, 34, 66, 71, 74, 125, 135, 136, 149, 155, 156]
95 --> [5, 9, 14, 21, 26, 28, 35, 39, 40, 41, 45, 54, 77, 82, 85, 93, 105, 111, 114, 116, 129, 133, 145]
96 --> [12, 14, 18, 19, 20, 21, 27, 29, 30, 31, 48, 55, 60, 62, 72, 81, 90, 99, 106, 140, 145]
97 --> [1, 17, 20, 21, 37, 38, 40, 47, 58, 61, 62, 64, 68, 72, 80, 84, 90, 91, 92, 115, 140, 147, 168]
98 --> [2, 3, 4, 12, 16, 17, 19, 21, 24, 28, 35, 40, 45, 51, 54, 55, 62, 68, 72, 76, 77, 79, 87, 88, 89, 103, 140, 152]
99 --> [2, 3, 8, 9, 11, 14, 15, 16, 20, 21, 24, 27, 30, 31, 37, 38, 40, 43, 46, 47, 48, 49, 52, 53, 54, 58, 62, 63, 64, 65, 67, 72, 79, 81, 84, 90, 91, 92, 93, 96, 103, 114, 115, 117, 134, 140, 146, 148, 163, 168, 175]
100 --> [41, 45, 57, 76, 77, 88, 116, 129, 133]
101 --> [17, 40, 48, 58, 59, 63, 64, 68, 81, 84, 90, 102, 118, 152]
102 --> [0, 3, 17, 21, 24, 30, 32, 38, 40, 45, 49, 54, 58, 59, 62, 72, 79, 81, 84, 89, 92, 101, 122, 182, 195]
103 --> [2, 15, 16, 21, 26, 27, 28, 30, 31, 38, 46, 48, 52, 54, 55, 62, 63, 65, 67, 68, 72, 82, 93, 98, 99, 117, 140, 175]
104 --> [8, 9, 13, 20, 30, 47, 54, 58, 63, 70, 90, 123, 128]
105 --> [3, 18, 26, 28, 35, 36, 40, 45, 51, 54, 63, 64, 68, 72, 77, 85, 87, 88, 93, 95, 128]
106 --> [11, 12, 18, 19, 20, 21, 24, 26, 30, 47, 53, 55, 57, 58, 62, 79, 81, 90, 91, 96, 115, 140]
107 --> [11, 23, 150, 151]
108 --> [86]
109 --> [0, 1, 20, 26, 40, 43, 47, 68, 73, 129]
110 --> [17, 28, 37, 38, 40, 54, 68, 72, 76, 86, 89, 111, 133]
111 --> [5, 14, 17, 27, 32, 40, 41, 45, 48, 54, 65, 68, 72, 76, 82, 85, 89, 95, 110, 116, 153]
112 --> [23, 56, 64, 113, 141, 142, 145, 157, 166]
113 --> [112, 141]
114 --> [0, 2, 8, 12, 16, 24, 32, 36, 40, 42, 47, 48, 53, 54, 58, 68, 69, 70, 75, 77, 84, 85, 91, 95, 99, 129, 134, 143, 146, 152, 163]
115 --> [0, 8, 20, 36, 37, 38, 40, 43, 52, 70, 72, 92, 97, 99, 106, 178]
116 --> [5, 17, 41, 54, 77, 88, 95, 100, 111]
117 --> [2, 15, 16, 18, 26, 28, 29, 32, 40, 45, 46, 48, 52, 54, 55, 62, 63, 67, 68, 72, 78, 82, 93, 99, 103, 134]
118 --> [1, 9, 20, 24, 58, 59, 62, 68, 73, 85, 101, 168]
119 --> [11, 158, 162]
120 --> [11, 22, 34, 57, 66]
121 --> [22]
122 --> [0, 1, 17, 20, 21, 30, 43, 47, 54, 55, 58, 64, 69, 70, 72, 75, 79, 82, 84, 89, 90, 102, 130, 211]
123 --> [9, 20, 43, 58, 59, 63, 64, 92, 104, 145, 168]
124 --> [11, 22, 30, 155]
125 --> [11, 22, 30, 34, 94, 145, 196]
126 --> [11, 22, 30, 57, 174]
127 --> [11, 21, 30, 37, 162]
128 --> [17, 18, 28, 40, 41, 45, 54, 72, 104, 105]
129 --> [1, 5, 14, 17, 24, 28, 30, 32, 38, 40, 41, 45, 51, 53, 54, 58, 63, 68, 76, 77, 87, 88, 95, 100, 109, 114, 132, 145]
130 --> [20, 47, 122]
131 --> [23, 141]
132 --> [28, 129, 133]
133 --> [14, 17, 32, 41, 45, 54, 68, 76, 87, 95, 100, 110, 132]
134 --> [2, 3, 8, 12, 13, 15, 17, 24, 25, 26, 40, 41, 45, 47, 48, 54, 62, 67, 68, 72, 73, 86, 89, 91, 99, 114, 117, 140, 147]
135 --> [22, 30, 34, 66, 71, 94, 136, 149, 156]
136 --> [22, 34, 66, 71, 94, 135, 149, 156, 176]
137 --> [11, 22, 30, 138, 169]
138 --> [20, 36, 72, 85, 137, 147]
139 --> [7, 167]
140 --> [2, 3, 8, 11, 12, 16, 17, 18, 19, 21, 24, 27, 30, 31, 47, 49, 55, 62, 63, 72, 79, 81, 87, 90, 91, 96, 97, 98, 99, 103, 106, 134, 155]
141 --> [11, 23, 30, 56, 58, 112, 113, 131, 142, 157, 166]
142 --> [23, 56, 112, 141, 166]
143 --> [68, 84, 114]
144 --> [11, 22, 23, 30, 162, 169, 174, 177]
145 --> [2, 4, 8, 9, 23, 37, 40, 47, 51, 53, 54, 56, 69, 72, 75, 77, 90, 95, 96, 112, 123, 125, 129]
146 --> [15, 46, 47, 52, 99, 114, 168]
147 --> [3, 17, 24, 25, 26, 38, 40, 52, 54, 57, 62, 68, 72, 82, 86, 87, 89, 90, 97, 134, 138, 159]
148 --> [52, 99]
149 --> [10, 11, 22, 34, 66, 71, 74, 94, 135, 136, 156]
150 --> [11, 23, 107, 151, 170, 177, 191]
151 --> [11, 23, 107, 150, 170, 177, 186, 191]
152 --> [11, 14, 16, 17, 18, 24, 29, 30, 37, 38, 40, 45, 49, 51, 53, 54, 55, 64, 65, 68, 72, 82, 87, 93, 98, 101, 114, 199]
153 --> [28, 35, 45, 87, 111]
154 --> [1, 64]
155 --> [1, 10, 11, 22, 69, 71, 94, 124, 140, 176, 179]
156 --> [22, 34, 66, 71, 74, 94, 135, 136, 149, 161, 176]
157 --> [23, 112, 141]
158 --> [79, 119, 159, 188]
159 --> [2, 12, 16, 25, 32, 43, 47, 60, 78, 82, 86, 147, 158, 164, 178, 206]
160 --> [14, 17, 37, 40, 54, 68, 72, 93, 192]
161 --> [11, 22, 61, 156]
162 --> [11, 22, 30, 119, 127, 144, 202]
163 --> [1, 8, 40, 47, 99, 114]
164 --> [21, 32, 50, 57, 62, 159]
165 --> [17, 25, 36, 38, 45, 58, 59, 68, 72, 84]
166 --> [11, 23, 56, 112, 141, 142]
167 --> [7, 139]
168 --> [2, 8, 12, 18, 20, 43, 47, 52, 55, 59, 62, 70, 72, 90, 91, 97, 99, 118, 123, 146]
169 --> [11, 22, 33, 137, 144]
170 --> [11, 22, 23, 150, 151, 171]
171 --> [11, 23, 170, 177, 186]
172 --> [14, 20, 31, 40, 58, 62]
173 --> [8, 12, 69]
174 --> [11, 22, 126, 144]
175 --> [15, 27, 31, 40, 46, 52, 65, 99, 103]
176 --> [22, 30, 136, 155, 156]
177 --> [11, 22, 23, 144, 150, 151, 171]
178 --> [14, 72, 78, 115, 159, 206]
179 --> [73, 155, 180]
180 --> [179]
181 --> [24, 69]
182 --> [8, 37, 39, 69, 84, 102]
183 --> [11, 89]
184 --> [11, 22, 209]
185 --> [1]
186 --> [11, 151, 171]
187 --> [40, 50]
188 --> [158]
189 --> [30]
190 --> [14, 18, 37, 39, 81]
191 --> [11, 23, 150, 151]
192 --> [14, 20, 160]
193 --> [11]
194 --> [38, 79]
195 --> [62, 102]
196 --> [30, 125]
197 --> [21, 30, 198]
198 --> [197]
199 --> [68, 82, 152]
200 --> [40, 70, 72, 85]
201 --> [202]
202 --> [162, 201]
203 --> [72, 93]
204 --> [11]
205 --> [22]
206 --> [30, 159, 178]
207 --> [11, 30, 62]
208 --> [17, 50, 86]
209 --> [11, 22, 184]
210 --> [91]
211 --> [30, 122]
212 --> [11]
213 --> [1]

--- RANDOM ---
0->[0, 17, 170]
1->[195]
2->[175, 207]
3->[133, 71, 157]
4->[178, 134, 123]
5->[208, 81, 43]
6->[166]
7->[163, 126]
8->[8, 15, 47]
9->[84, 9]
10->[66, 99, 174, 63]
11->[212, 168, 184]
12->[110]
13->[48, 96, 95]
14->[90, 14, 142]
15->[85, 120, 111]
16->[68, 100]
17->[112]
18->[6, 203]
19->[]
20->[104]
21->[18]
22->[21]
23->[196, 76]
24->[167, 59, 44]
25->[2, 42, 77]
26->[38, 23]
27->[52, 200, 12, 60]
28->[160, 82, 135]
29->[176]
30->[]
31->[148, 86, 172]
32->[129, 57, 156]
33->[26, 11]
34->[80, 149]
35->[165]
36->[36]
37->[113]
38->[131, 150, 202, 191]
39->[188]
40->[205]
41->[161, 50, 29, 93]
42->[182, 25, 13]
43->[37]
44->[70, 75]
45->[83]
46->[32, 3, 73, 121, 91]
47->[1, 106, 108, 62]
48->[65, 147, 137]
49->[162, 35, 116]
50->[28]
51->[146]
52->[97]
53->[169, 27]
54->[]
55->[69, 189]
56->[194, 19, 211]
57->[]
58->[]
59->[]
60->[49]
61->[89]
62->[88]
63->[39, 204]
64->[190]
65->[78, 206, 159]
66->[5, 72, 127]
67->[201]
68->[4]
69->[152]
70->[55, 61]
71->[102]
72->[51, 92]
73->[54]
74->[144]
75->[]
76->[58, 46]
77->[]
78->[101]
79->[34, 87]
80->[]
81->[]
82->[]
83->[145, 74]
84->[]
85->[158]
86->[]
87->[]
88->[]
89->[]
90->[]
91->[210]
92->[64, 45]
93->[193, 94]
94->[98, 198, 103]
95->[33, 154]
96->[20, 31]
97->[]
98->[114]
99->[177, 181, 151, 141]
100->[199, 139]
101->[132, 197, 153, 155]
102->[7, 171]
103->[]
104->[40, 122]
105->[186]
106->[16, 117]
107->[22, 136, 107, 109]
108->[179, 140]
109->[]
110->[209, 164]
111->[128, 130]
112->[53, 79]
113->[118]
114->[]
115->[143]
116->[180, 213, 173]
117->[67, 115, 56, 125]
118->[183, 187, 30]
119->[]
120->[119, 105, 185, 138, 124]
121->[192, 41, 10]
122->[]
123->[24]
Modularity: -0.007413865896164495
--- DIVIDER ---
0->[0, 7, 10, 11, 22, 23, 29, 33, 34, 35, 39, 41, 44, 45, 56, 60, 61, 66, 70, 71, 74, 75, 76, 78, 80, 82, 83, 85, 87, 88, 89, 93, 94, 95, 96, 97, 100, 101, 104, 105, 106, 107, 109, 111, 112, 113, 115, 116, 118, 119, 120, 121, 122, 123, 124, 125, 126, 127, 128, 129, 130, 131, 132, 133, 135, 136, 137, 138, 139, 141, 142, 143, 144, 146, 148, 149, 150, 151, 152, 153, 154, 155, 156, 157, 158, 160, 161, 162, 163, 164, 165, 166, 167, 169, 170, 171, 172, 173, 174, 175, 176, 177, 178, 179, 180, 181, 182, 183, 184, 185, 186, 187, 188, 189, 190, 191, 192, 193, 194, 195, 196, 197, 198, 199, 200, 201, 202, 203, 204, 205, 206, 207, 209, 210, 211, 212, 213]
1->[1, 2, 3, 4, 5, 134, 6, 8, 9, 12, 140, 13, 14, 15, 16, 17, 145, 18, 147, 19, 20, 21, 24, 25, 26, 27, 28, 30, 31, 159, 32, 36, 37, 38, 40, 168, 42, 43, 46, 47, 48, 49, 50, 51, 52, 53, 54, 55, 57, 58, 59, 62, 63, 64, 65, 67, 68, 69, 72, 73, 77, 79, 208, 81, 84, 86, 90, 91, 92, 98, 99, 102, 103, 108, 110, 114, 117]
Modularity: 0.09699757681537186
--- GREEDY ---
0->[0, 1, 130, 131, 132, 133, 6, 7, 135, 136, 138, 139, 13, 142, 143, 146, 20, 148, 24, 153, 154, 156, 157, 158, 159, 164, 165, 39, 167, 168, 42, 43, 44, 173, 47, 48, 176, 50, 178, 179, 180, 181, 182, 56, 185, 58, 59, 60, 188, 189, 190, 192, 194, 195, 196, 69, 197, 198, 199, 73, 201, 74, 202, 75, 203, 205, 78, 206, 208, 210, 83, 211, 84, 213, 90, 91, 94, 96, 100, 103, 104, 108, 112, 113, 116, 118, 121, 122, 123]
1->[128, 137, 10, 11, 141, 144, 147, 149, 22, 150, 23, 151, 25, 155, 33, 161, 34, 162, 35, 163, 36, 166, 41, 169, 170, 171, 174, 177, 183, 184, 186, 187, 61, 191, 193, 66, 70, 71, 200, 76, 204, 207, 80, 209, 82, 212, 85, 87, 88, 97, 101, 102, 105, 106, 107, 109, 110, 115, 119, 120, 124, 125, 126, 127]
2->[129, 2, 3, 4, 5, 134, 8, 9, 12, 140, 14, 15, 16, 17, 145, 18, 19, 152, 26, 27, 28, 29, 30, 31, 160, 37, 38, 40, 172, 45, 46, 175, 49, 51, 52, 53, 54, 55, 62, 63, 64, 65, 67, 68, 72, 77, 79, 81, 86, 89, 92, 93, 95, 98, 99, 103, 111, 114, 117]
3->[50, 164, 57]
4->[65, 2, 67, 68, 72, 140, 15, 16, 82, 21, 26, 27, 28, 93, 30, 31, 32, 98, 99, 38, 103, 46, 175, 48, 52, 117, 54, 55, 62, 63]
5->[177, 150, 23, 151, 170, 11, 107, 191]
6->[65, 129, 2, 4, 68, 5, 72, 76, 77, 14, 79, 16, 17, 84, 21, 85, 87, 24, 88, 89, 27, 28, 31, 95, 98, 35, 36, 100, 37, 38, 39, 40, 41, 105, 45, 48, 49, 114, 51, 52, 116, 54, 55, 58, 59]
7->[161, 34, 66, 71, 135, 136, 74, 170, 11, 171, 176, 177, 149, 22, 23, 186, 156, 94]
8->[128, 70, 104, 9, 58, 123, 12, 13, 30, 47, 63]
9->[2, 68, 8, 72, 75, 140, 77, 81, 82, 20, 24, 152, 90, 28, 29, 96, 98, 37, 103, 40, 168, 106, 48, 51, 117, 54, 55, 122, 61, 62]
10->[11, 30, 207]
11->[192, 11, 14, 16, 80, 17, 145, 85, 22, 87, 152, 28, 93, 30, 31, 160, 97, 37, 110, 115, 52, 182, 55, 60, 61, 190, 127]
12->[51, 68, 39, 40, 140, 78]
13->[23, 172, 60, 141]
14->[0, 1, 129, 2, 8, 9, 12, 17, 20, 21, 24, 25, 159, 165, 38, 168, 43, 44, 47, 48, 49, 54, 58, 59, 63, 64, 69, 70, 72, 73, 75, 77, 79, 82, 83, 84, 89, 90, 91, 92, 97, 99, 101, 102, 104, 106, 109, 114, 115, 118, 122, 123]
15->[193, 145, 34, 196, 22, 11, 125, 30, 94]
16->[]
17->[170, 10, 11, 171, 107, 177, 149, 22, 150, 151, 186, 155, 191]
18->[0, 64, 1, 69, 70, 8, 9, 73, 75, 12, 83, 20, 84, 21, 23, 92, 30, 97, 99, 101, 38, 102, 104, 106, 43, 47, 114, 118, 58, 122, 59, 123, 60, 63]
19->[32, 65, 68, 5, 40, 41, 76, 45, 77, 14, 110, 111, 17, 82, 116, 85, 54, 89, 153, 27, 95]
20->[0, 1, 2, 70, 73, 79, 20, 84, 21, 24, 26, 91, 92, 38, 102, 43, 109, 48, 49, 114, 115, 53, 58, 122, 59, 63]
21->[177, 150, 23, 151, 170, 11, 107, 191]
22->[128, 129, 2, 4, 132, 5, 133, 134, 11, 14, 16, 17, 18, 153, 27, 28, 30, 31, 32, 35, 36, 37, 40, 41, 45, 48, 51, 52, 54, 55, 65, 67, 68, 72, 76, 77, 82, 85, 86, 87, 88, 89, 95, 98, 100, 103, 105, 110, 111, 116, 117]
Modularity: 0.58555600458446

Process finished with exit code 0

